timestamp,value
1772937472.7402568,1.7164099312512746
1772937472.7403069,1.9196010513443469
1772937472.7403371,1.1173556943653664
1772937472.7403636,-0.17966191973629458
1772937472.7403903,-0.9735752012869116
1772937472.7404168,-0.731818837978713
1772937472.7404432,0.10833638726317896
1772937472.7404697,0.6417855278085891
1772937472.740496,0.44730809541648353
1772937472.7405236,-0.058753338872838644
1772937472.7405553,-0.20407497155667273
1772937472.7405643,0.1519567926050155
1772937472.7405732,0.5266695963009499
1772937472.7405815,0.4478235171056734
1772937472.740595,0.0066640797628118665
1772937472.7406087,-0.3040904600740381
1772937472.740621,-0.21133183770674055
1772937472.740635,0.018234440587825532
1772937472.740648,-0.10579118434730964
1772937472.7406573,-0.7615442462501728
1772937472.7406657,-1.6538796669521685
1772937472.7406735,-2.321709541477538
1772937472.7406816,-2.5128638599011346
1772937472.7406895,-2.2762817910304327
1772937472.7406976,-1.8118492647003983
1772937472.7407055,-1.316622761065541
1772937472.7407134,-0.9312174332353365
1772937472.7407327,-0.7264105758624244
1772937472.7407427,-0.6953996241431427
1772937472.7407515,-0.7897601334200621
1772937472.7407596,-0.9778054675487636
1772937472.7407677,-1.2259326720847736
1772937472.7407756,-1.4061444401409753
1772937472.7407837,-1.3065842385394175
1772937472.7407916,-0.8497548268356442
1772937472.7407997,-0.3020333041685153
1772937472.7408075,-0.1300316956013911
1772937472.740816,-0.5250395469559549
1772937472.740824,-1.1017853247789553
1772937472.7408323,-1.2070101995804394
1772937472.7408404,-0.5932578833103441
1772937472.7408483,0.28982770776591205
1772937472.7408564,0.765542615654219
1772937472.7408645,0.6535594871115094
1772937472.7408729,0.4050657277426584
1772937472.7408807,0.4900772617218031
1772937472.7408888,0.7819946173287403
1772937472.7408967,0.6968849779685427
1772937472.7409048,-0.07206781062926164
1772937472.740913,-1.1128688957805937
1772937472.7409208,-1.6818932723828601
1772937472.740929,-1.467038493892552
1772937472.7409368,-0.8574812543713017
1772937472.7409449,-0.47361093994575
1772937472.7409527,-0.5604629187312534
1772937472.7409608,-0.9034905638206892
1772937472.7409697,-1.2184290338192711
1772937472.740978,-1.4449103036169186
1772937472.740986,-1.6361459291233404
1772937472.740994,-1.7279896849153704
1772937472.741002,-1.578287790624492
1772937472.74101,-1.2134918724200512
1772937472.741018,-0.889106460030837
1772937472.7410257,-0.8267949986582104
1772937472.741034,-0.9572682515342142
1772937472.741042,-1.0141926984500502
1772937472.7410498,-0.8642288134466346
1772937472.7410576,-0.6500082365071892
1772937472.7410655,-0.5783989785431
1772937472.7410736,-0.6511281281481792
1772937472.7410817,-0.6879842206270794
1772937472.741089,-0.5863279007243846
1772937472.7410972,-0.4567364291081822
1772937472.7411053,-0.46706407250467646
1772937472.7411132,-0.6268082965862218
1772937472.7411213,-0.8034712686739666
1772937472.7411292,-0.9247413735983401
1772937472.7411375,-1.0661099290107419
1772937472.7411456,-1.296500393931748
1772937472.7411537,-1.5037068416565464
1772937472.7411616,-1.465807602770576
1772937472.7411695,-1.1159463056177619
1772937472.7411773,-0.687498945995739
1772937472.7411857,-0.5523694408076658
1772937472.7411935,-0.9046006485923601
1772937472.741202,-1.5887504873172842
1772937472.7412105,-2.204708936223855
1772937472.7412188,-2.3778996299541446
1772937472.741227,-2.000398964539971
1772937472.7412348,-1.306804900100999
1772937472.7412424,-0.7343210290210531
1772937472.7412505,-0.6244274914001273
1772937472.7412584,-0.9666486331909625
1772937472.7412963,-1.4224959874330871
1772937472.7413049,-1.6479618581572415
1772937472.7413127,-1.6078851458858294
1772937472.7413208,-1.540263608762241
1772937472.7413292,-1.6125825173284387
1772937472.741337,-1.695376960971622
1772937472.7413447,-1.5506867419348367
1772937472.7413528,-1.1973218709320643
1772937472.741361,-0.9498551174271527
1772937472.7413688,-1.0299345443325623
1772937472.7413769,-1.2397301471914082
1772937472.7413847,-1.170181523507676
1772937472.7413929,-0.7407327900612043
1772937472.7414007,-0.38445672310555606
1772937472.7414088,-0.5833102656873134
1772937472.741417,-1.2849715657379053
1772937472.7414248,-1.9308587382533164
1772937472.741433,-2.0858495286497014
1772937472.741441,-1.8978100280411445
1772937472.7414489,-1.8232537367803971
1772937472.7414567,-1.9936145042077014
1772937472.7414656,-2.0552326262025766
1772937472.741474,-1.6836536235194375
1772937472.741482,-1.0667333524084908
1772937472.7414901,-0.6755920198417429
1772937472.741498,-0.5954534649207276
1772937472.741506,-0.32261296890012775
1772937473.219731,0.3590150302009672
1772937473.2197988,0.2788786983143515
1772937473.2198317,-0.23738176970880862
1772937473.2198658,-0.922453408160047
1772937473.2198994,-1.2326428721918608
1772937473.2199333,-1.0420544073496778
1772937473.219962,-0.8974273299230251
1772937473.2199903,-1.393378572951677
1772937473.2200189,-2.3584282417784164
1772937473.2200472,-2.8862999214584524
1772937473.2200613,-2.286353550916339
1772937473.220076,-0.8987558396222254
1772937473.2200906,0.1785087369665803
1772937473.2201047,0.16875875236622687
1772937473.2201188,-0.675932431480212
1772937473.220132,-1.444756367933385
1772937473.220145,-1.5105382588742164
1772937473.220158,-1.0182752717995969
1772937473.2201717,-0.5441855296029243
1772937473.2201848,-0.4629912529435191
1772937473.220198,-0.6962311154001709
1772937473.2202115,-0.9232786977927268
1772937473.2202246,-0.875608173138788
1772937473.2202427,-0.4609901287695466
1772937473.220258,0.21638212073055016
1772937473.2203052,0.8643092138165487
1772937473.2203188,1.1422472143536362
1772937473.220332,0.9585833579228881
1772937473.2203448,0.6432661192861906
1772937473.2203577,0.6893045819406524
1772937473.2203705,1.2245253166462726
1772937473.2203836,1.7955517731894513
1772937473.2203968,1.792074178090767
1772937473.2204096,1.1061794124317055
1772937473.2204225,0.28958611922965305
1772937473.2204354,0.003935092064164963
1772937473.220448,0.3600450573240289
1772937473.2204611,0.8605941557315244
1772937473.220474,0.9658882901244454
1772937473.2204869,0.6297329268951142
1772937473.2204995,0.25947276870869346
1772937473.2205124,0.2336031082305815
1772937473.2205253,0.5358651511978196
1772937473.2205381,0.8290282999514857
1772937473.2205515,0.7947910018185282
1772937473.2205644,0.38751497203502494
1772937473.2205772,-0.15196324191870791
1772937473.22059,-0.4595578807497366
1772937473.2206032,-0.2858695427460928
1772937473.220616,0.2960675825549068
1772937473.2206292,0.8784139064018385
1772937473.220642,1.0087958404491573
1772937473.2206564,0.600563221295193
1772937473.22067,0.04761393599283804
1772937473.220683,-0.15472069298344013
1772937473.2206967,0.06426004107311564
1772937473.22071,0.261424464002939
1772937473.220728,-0.03443138017836327
1772937473.2207413,-0.7898322874644299
1772937473.2207532,-1.4934578635457472
1772937473.220765,-1.7064150281516781
1772937473.2207775,-1.4976238141320386
1772937473.2207897,-1.2912430432817832
1772937473.2208016,-1.3621226085964881
1772937473.2208135,-1.5860720455577393
1772937473.2208257,-1.669762441818901
1772937473.2208376,-1.4961802476566317
1772937473.2208495,-1.172313783352863
1772937473.2208617,-0.832182628341822
1772937473.2208736,-0.5402040556972925
1772937473.2208855,-0.38685323753058437
1772937473.2208977,-0.5088234030979268
1772937473.220909,-0.8778645779882835
1772937473.2209213,-1.1405259566008845
1772937473.2209337,-0.8666007003158245
1772937473.2209458,-0.05081252340033575
1772937473.220958,0.7397963942330451
1772937473.2209697,0.8761890464739106
1772937473.2209814,0.3418569484036872
1772937473.2209935,-0.21750369736442304
1772937473.2210052,-0.19097850793643262
1772937473.221018,0.3189196762056913
1772937473.2210305,0.6210006356183758
1772937473.2210414,0.23177929942559233
1772937473.2210531,-0.5662768802496566
1772937473.221064,-1.0305550590069987
1772937473.2210765,-0.7567933325575945
1772937473.221089,-0.06758575144351789
1772937473.2211015,0.39391428615082547
1772937473.2211137,0.34742393122768445
1772937473.2211256,0.08159538462659674
1772937473.2211375,0.046638525418898694
1772937473.221151,0.3725349879359411
1772937473.2211623,0.8275879802973334
1772937473.2211747,1.1505022904631155
1772937473.2211864,1.2978729743350927
1772937473.2211976,1.354378323448088
1772937473.2212088,1.3102832623089922
1772937473.2212205,1.0414660370676017
1772937473.2212327,0.5226836896559811
1772937473.221244,-0.017566217256792385
1772937473.2212548,-0.2398570476869574
1772937473.2212653,-0.021842876873108624
1772937473.221276,0.3796234955943478
1772937473.221288,0.5355348003353433
1772937473.2213,0.23891155986725787
1772937473.2213123,-0.3126931161148694
1772937473.2213237,-0.7463795804197492
1772937473.2213356,-0.9190221015561749
1772937473.221347,-1.0482653968248816
1772937473.22136,-1.39968057342806
1772937473.221372,-1.878011333213276
1772937473.2213836,-2.038699172963543
1772937473.2213948,-1.5865364974405254
1772937473.2214072,-0.8131557565628259
1772937473.2214193,-0.39348797693069554
1772937473.221432,-0.6620450969909549
1772937473.2214692,-1.1638986275028538
1772937473.2214825,-1.066853184631147
1772937473.221495,-0.059025954569615124
1772937473.70105,-1.1627499963507004
1772937473.7010877,-0.8314556073977554
1772937473.7011037,-0.6741131874277536
1772937473.70112,-0.42902870094182616
1772937473.7011364,0.24201109943141125
1772937473.7011535,1.2684343460183505
1772937473.70117,2.09226280667002
1772937473.701187,2.153077936742486
1772937473.7012029,1.4486744879829077
1772937473.7012196,0.5673987016685799
1772937473.701237,0.1505159642449147
1772937473.7012453,0.342057678152609
1772937473.7012534,0.7540866219007548
1772937473.7012613,0.9032781757303756
1772937473.7012675,0.6356956120587317
1772937473.7012725,0.17742403558636932
1772937473.7012775,-0.12751857133477051
1772937473.7012825,-0.10591621798203721
1772937473.7012875,0.12096366087669062
1772937473.701296,0.21515768794995613
1772937473.7013025,-0.12485615256374923
1772937473.7013078,-0.8511032866398736
1772937473.7013128,-1.462183554835327
1772937473.701318,-1.3355491315396155
1772937473.7013228,-0.3177968016684087
1772937473.7013278,1.0065183555232955
1772937473.7013328,1.7588999931838172
1772937473.701338,1.5672566215558714
1772937473.7013433,0.8842024876275277
1772937473.7013483,0.44703225852542017
1772937473.7013533,0.4767548866451662
1772937473.701358,0.5387379545590117
1772937473.701363,0.20374287069972818
1772937473.701368,-0.3300169335656568
1772937473.701373,-0.4457984968902455
1772937473.701378,0.10383195238873975
1772937473.701383,0.8228447189546578
1772937473.701388,0.9969453470682368
1772937473.701393,0.4832973015718425
1772937473.7014005,-0.18549692918107338
1772937473.7014084,-0.4590605998550926
1772937473.7014165,-0.33664971041218317
1772937473.7014225,-0.18340150728888557
1772937473.7014277,-0.14015898174159122
1772937473.7014327,0.04850044898043825
1772937473.7014375,0.5995346680653354
1772937473.7014422,1.3040505847795476
1772937473.7014472,1.744293671577452
1772937473.7014527,1.8034023263158363
1772937473.701458,1.7407101310553956
1772937473.7014632,1.726820763743854
1772937473.701468,1.5228741354966462
1772937473.701473,0.8205109204714003
1772937473.7014785,-0.1780832954192706
1772937473.7014835,-0.7786197008526141
1772937473.7014885,-0.5137170339070106
1772937473.7014935,0.29349856040076644
1772937473.7014985,0.8622830975058425
1772937473.7015035,0.82500793434859
1772937473.7015085,0.5942709554978508
1772937473.7015135,0.8062896678133381
1772937473.7015183,1.5506879647681633
1772937473.7015233,2.302392610125499
1772937473.7015283,2.5457637847570815
1772937473.7015333,2.26324733223807
1772937473.7015386,1.7633882370402372
1772937473.7015436,1.2351507764834317
1772937473.7015555,0.6796996951406009
1772937473.7015605,0.20883075796750386
1772937473.7015655,0.1253946961945898
1772937473.7015707,0.5508397535584643
1772937473.7015755,1.1169246858605706
1772937473.7015805,1.265007063354293
1772937473.7015855,0.8833136069412721
1772937473.7015903,0.47214120851427616
1772937473.7015953,0.5680801680494353
1772937473.7016003,1.119434975002941
1772937473.701606,1.5968769960278046
1772937473.7016113,1.681191191447352
1772937473.7016163,1.6228144429095184
1772937473.7016213,1.813108152959245
1772937473.7016263,2.1617776321968414
1772937473.7016313,2.1365936189269337
1772937473.701636,1.4401484240211753
1772937473.701641,0.44543383023988575
1772937473.701646,-0.1823847803894421
1772937473.701651,-0.198884604485059
1772937473.701656,0.05959329486801039
1772937473.701661,0.2090673165017538
1772937473.701666,0.29940354396442853
1772937473.701671,0.6347131481680048
1772937473.701676,1.243159944456448
1772937473.7016811,1.7513944436455606
1772937473.701686,1.8239109877913955
1772937473.701691,1.5482849196348485
1772937473.701696,1.2486244733607617
1772937473.7017007,1.0176401338639305
1772937473.7017057,0.6385007928941171
1772937473.7017107,0.004645543699592167
1772937473.7017157,-0.5669184968573916
1772937473.7017205,-0.6063303964468113
1772937473.7017252,-0.03182917505358046
1772937473.7017305,0.7276540655891202
1772937473.7017353,1.177719579217372
1772937473.7017405,1.211409559383931
1772937473.7017455,1.0665286347776433
1772937473.7017508,0.9662766712565438
1772937473.701756,0.9633595119600097
1772937473.7017612,1.091527714288733
1772937473.7017663,1.4363211790607227
1772937473.7017713,1.920510840926285
1772937473.7017763,2.167382679897876
1772937473.7017813,1.835565912959787
1772937473.701786,1.1414254667772952
1772937473.701791,0.8341544317440471
1772937473.701796,1.436142770221683
1772937473.7018008,2.5356638909393854
1772937473.7018058,3.0321892390918914
1772937473.701811,2.1941591008877284
1772937473.701816,0.40501011629864764
1772937474.1811247,1.665975735939513
1772937474.1811676,1.1160203975387526
1772937474.181194,0.4946357291430979
1772937474.181221,0.013618994536774736
1772937474.1812477,-0.12134661598825125
1772937474.1812763,0.1419536079559822
1772937474.1813016,0.6147806369838453
1772937474.1813204,0.9877878416402253
1772937474.1813614,1.0768995486297697
1772937474.1813817,0.933466193779129
1772937474.181408,0.6963635576140422
1772937474.1814344,0.38130024492820286
1772937474.1814525,-0.10895066263880261
1772937474.181461,-0.7543098210990092
1772937474.18147,-1.2791852182769325
1772937474.1814833,-1.3400824163698932
1772937474.1814995,-0.8710984079714643
1772937474.181508,-0.19117258412500185
1772937474.1815164,0.27252642216243067
1772937474.1815243,0.35138290725192517
1772937474.1815321,0.20463864598865872
1772937474.1815405,0.06350607599546206
1772937474.1815484,-0.013663456441989297
1772937474.1815567,-0.10610919248157603
1772937474.1815646,-0.2252382620488852
1772937474.181573,-0.24438184398756727
1772937474.1815813,-0.05450288427406406
1772937474.1815891,0.2761122558195906
1772937474.1815972,0.5564252028401386
1772937474.1816053,0.6658824040757598
1772937474.1816137,0.6340262696591343
1772937474.1816218,0.5247250198642671
1772937474.1816297,0.3147790143490743
1772937474.1816375,-0.04558908050153667
1772937474.181646,-0.4717819413011492
1772937474.1816545,-0.7273680155373784
1772937474.1816623,-0.6213228673495602
1772937474.1816704,-0.20808278778056002
1772937474.1816783,0.24082452800497664
1772937474.1816862,0.45743888639741004
1772937474.1816943,0.3495099451832421
1772937474.1817024,-0.012296511631487931
1772937474.1817105,-0.4904893880287812
1772937474.1817183,-0.9182379033906582
1772937474.1817272,-1.112216073633109
1772937474.181736,-0.9799714003883492
1772937474.181744,-0.6688449349411126
1772937474.1817553,-0.5256509152481632
1772937474.1817665,-0.7844274279651325
1772937474.1817777,-1.268491364764168
1772937474.1817894,-1.4941759263722856
1772937474.181802,-1.1618932256728554
1772937474.1818132,-0.5310440208354453
1772937474.1818233,-0.22191479945574122
1772937474.1818361,-0.6014345868556502
1772937474.1818483,-1.404124649419599
1772937474.1818593,-2.004248569489735
1772937474.1818724,-2.028838053876901
1772937474.1818852,-1.6314057496552066
1772937474.1818972,-1.1725625852785773
1772937474.1819053,-0.7573339721359377
1772937474.1819131,-0.20558546914599396
1772937474.1819215,0.5556401682188202
1772937474.1819293,1.2400245944329271
1772937474.1819377,1.466858984362584
1772937474.1819456,1.232892920858915
1772937474.1819537,0.9738290507815006
1772937474.1819615,1.0840153524914782
1772937474.1819696,1.4498357253856988
1772937474.1819775,1.571839435959784
1772937474.1819856,1.1530606360451303
1772937474.1819935,0.46591048958909065
1772937474.1820042,0.07514409517582624
1772937474.18202,0.26307098651579097
1772937474.1820295,0.8298206754652813
1772937474.1820414,1.4414051027006554
1772937474.182054,2.0205533608517783
1772937474.1820655,2.6743345949223896
1772937474.182078,3.3069692595952658
1772937474.1820903,3.5133608356812234
1772937474.1821024,2.9928603909691103
1772937474.1821165,2.007559722569212
1772937474.1821284,1.2661852626547974
1772937474.1821404,1.2724995013328098
1772937474.1821532,1.8448448133436657
1772937474.1821659,2.3527007294431797
1772937474.1821787,2.39493711990424
1772937474.182192,2.14694887480364
1772937474.1822054,2.0235939062065142
1772937474.182216,2.1199493376762937
1772937474.1822248,2.116140707638692
1772937474.1822333,1.723973526089375
1772937474.182242,1.0856070280797734
1772937474.1822507,0.6217107367965974
1772937474.182259,0.5296895047643325
1772937474.182268,0.5658500369304964
1772937474.1822765,0.38450817561690004
1772937474.1822848,0.014095906810306303
1772937474.1822934,-0.12356918122290625
1772937474.182302,0.3003470639323464
1772937474.1823108,1.0830101482490062
1772937474.1823213,1.608900995568123
1772937474.1823363,1.4197230180938682
1772937474.1823504,0.6477760470277423
1772937474.1823642,-0.11461887658848585
1772937474.1823776,-0.35802136238611104
1772937474.1823888,-0.0825692785685874
1772937474.1823976,0.2619313029372526
1772937474.1824062,0.2219179584888854
1772937474.1824148,-0.254514806794988
1772937474.182423,-0.8082285215047441
1772937474.1824317,-1.043616534672464
1772937474.1824603,-0.9231222563796339
1772937474.182469,-0.7811691506278597
1772937474.1824777,-0.9100101185069196
1772937474.1824863,-1.135591451183273
1772937474.1824949,-0.9015347372319069
1772937474.1825032,0.1017400597952194
1772937474.1825123,1.3803140936980118
1772937474.182521,1.8549550914475665
1772937474.1825297,0.8188966811505193
1772937474.4671009,1.1287185997014295
1772937474.4671462,0.8237952095055284
1772937474.4671693,0.3293108064861638
1772937474.4671924,-0.2983207820740869
1772937474.4672046,-0.8501002856750549
1772937474.467214,-1.0890511210233973
1772937474.467223,-0.9416434744997944
1772937474.4672315,-0.548970240369001
1772937474.4672408,-0.1349935878551139
1772937474.4672499,0.156747254405705
1772937474.4672635,0.3008478985349595
1772937474.467275,0.30694344500041804
1772937474.4672866,0.14980963008154935
1772937474.4672956,-0.19244431164705236
1772937474.4673045,-0.6422621552593412
1772937474.4673133,-1.0028322943333505
1772937474.4673223,-1.0810255405094493
1772937474.4673312,-0.8654817629957757
1772937474.4673398,-0.5841679986659463
1772937474.4673483,-0.5439782017087182
1772937474.4673572,-0.8521220537773491
1772937474.4673655,-1.2621730795657415
1772937474.4673743,-1.3210605214422058
1772937474.4673831,-0.7393649101945183
1772937474.467392,0.316895674043149
1772937474.4674008,1.2841430323042802
1772937474.4674096,1.59352254480118
1772937474.4674182,1.0912605944295015
1772937474.467427,0.15292951727641868
1772937474.4674358,-0.5865438368928619
1772937474.4674447,-0.6641860725368844
1772937474.4674532,-0.06552986595174491
1772937474.467462,0.8164609478978672
1772937474.467471,1.4674622228311303
1772937474.4674797,1.5707785894786221
1772937474.4674885,1.1620505901777176
1772937474.467497,0.5470226413891466
1772937474.467506,0.0650047951815369
1772937474.4675145,-0.12204695471793013
1772937474.467524,-0.0709333300430793
1772937474.467533,0.0588908369250131
1772937474.4675417,0.13097672541842786
1772937474.4675505,0.05034855901351392
1772937474.467559,-0.27607204529868384
1772937474.4675677,-0.8994130988595138
1772937474.467576,-1.6981285918508975
1772937474.467585,-2.3387272548307454
1772937474.4675937,-2.483864593092689
1772937474.4676023,-2.117765133289175
1772937474.4676108,-1.6398093040402244
1772937474.4676192,-1.5485528206542094
1772937474.4676275,-1.9766006665209708
1772937474.4676363,-2.546609782533993
1772937474.4676452,-2.71429072876983
1772937474.4676535,-2.255770129683924
1772937474.467662,-1.4188417006565044
1772937474.4676704,-0.6429734624522957
1772937474.4676793,-0.2004428644794677
1772937474.4676876,-0.11060611472363456
1772937474.467696,-0.2919926086756892
1772937474.4677045,-0.664484723765173
1772937474.4677162,-1.08943575176513
1772937474.46773,-1.3392464903067611
1772937474.467744,-1.2620801192232143
1772937474.4677536,-0.9798246025159026
1772937474.4677625,-0.8131798588239249
1772937474.4677708,-0.9316694053840835
1772937474.4677796,-1.1154415425818427
1772937474.467789,-0.9495609041015657
1772937475.1085033,38357.45881564109
1772937475.10854,19726.62516382765
1772937475.1085663,-1761.397237147135
1772937475.1085927,-10240.133708661959
1772937475.1086197,-4345.726057207217
1772937475.1086469,4339.372480048731
1772937475.1086738,5410.491492525823
1772937475.1087003,-236.53691269260563
1772937475.1087272,-4311.287587697163
1772937475.1087537,-2244.622701684882
1772937475.1087804,2239.0637918181924
1772937475.1088023,3146.6601426044695
1772937475.1088104,-87.00210839999585
1772937475.1088183,-2754.740976642034
1772937475.1088264,-1528.1027525029365
1772937475.1088347,1526.049543973635
1772937475.1088428,2248.1524812291186
1772937475.108853,-42.519604531033636
1772937475.1088612,-2049.2513279589434
1772937475.1088693,-1173.0388078244064
1772937475.1088772,1173.287592589391
1772937475.1088855,1772.6136504229903
1772937475.1088936,-25.753453895219447
1772937475.108902,-1656.887993691935
1772937475.10891,-967.9009225457819
1772937475.108918,964.8120264716326
1772937475.1089263,1483.4526849047827
1772937475.1089344,-17.084824145692938
1772937475.1089463,-1409.9476900515906
1772937475.1089568,-833.6994070179558
1772937475.108965,834.3466043217811
1772937475.1089866,1297.1646806852323
1772937475.1089947,-10.511232941002538
1772937475.1090026,-1245.5238265382598
1772937475.1090107,-744.2170310379448
1772937475.1090193,744.7618201214813
1772937475.1090274,1168.4642208994003
1772937475.1090355,-8.051041844869557
1772937475.1090436,-1134.2448394229352
1772937475.1090517,-683.5357045442723
1772937475.1090593,682.7265904722572
1772937475.1090672,1079.9712968365563
1772937475.1090753,-5.635323784389591
1772937475.1090834,-1056.7954280754518
1772937475.1090913,-641.2102959061044
1772937475.1090994,640.691974632937
1772937475.1091077,1019.7330979614295
1772937475.109116,-4.94668366005749
1772937475.109124,-1007.0274149230999
1772937475.1091323,-615.7025764305442
1772937475.1091402,611.6342187084965
1772937475.1091485,981.0864353844449
1772937475.1091568,-3.2867656688997524
1772937475.109165,-974.8050300434093
1772937475.1091733,-598.2630962963333
1772937475.1091812,598.3497271547702
1772937475.109189,963.7936223415993
1772937475.109198,-0.1863314163760515
1772937475.1092064,-960.0642869261405
1772937475.1092143,-592.7002236713299
1772937475.109223,592.9848608996884
1772937475.1092308,959.6758225957819
1772937475.1092389,-0.9001400970530086
1772937475.1092467,-965.0501254277563
1772937475.109255,-599.398201259715
1772937475.109263,597.1703311239716
1772937475.1092708,973.0523525125203
1772937475.109279,0.5486908907320176
1772937475.1092868,-984.5543876218721
1772937475.109295,-615.3062608303162
1772937475.1093028,612.1726663278944
1772937475.1093109,1003.7235365908109
1772937475.1093187,1.9239070349799299
1772937475.1093268,-1022.3219059388803
1772937475.1093347,-642.7482675893607
1772937475.1093428,639.5732506310578
1772937475.1093507,1055.3624669537987
1772937475.1093588,4.324863614814075
1772937475.109367,-1081.0975406394682
1772937475.1093748,-683.7162089680395
1772937475.1093829,682.3798744914536
1772937475.1093907,1132.6026145416479
1772937475.1093988,5.9754119294354
1772937475.1094067,-1170.4895430933857
1772937475.1094146,-746.2139501386147
1772937475.1094232,743.4909122490559
1772937475.1094315,1245.3340438329597
1772937475.10944,10.697010992550805
1772937475.109448,-1296.5434560873603
1772937475.109456,-833.2806113622909
1772937475.1094637,834.7753575885364
1772937475.1094716,1410.2087072244803
1772937475.1094797,15.91132222242968
1772937475.1094875,-1485.8882973267316
1772937475.1094956,-967.5832945895008
1772937475.1095035,965.796088131547
1772937475.1095116,1655.8150552749134
1772937475.1095195,25.310530863600086
1772937475.1095276,-1773.0994837778621
1772937475.1095357,-1174.144310685352
1772937475.109543,1172.0226506460142
1772937475.1095512,2048.497977385937
1772937475.1095593,42.16961117840122
1772937475.1095672,-2248.4468844126786
1772937475.1095755,-1526.893783037301
1772937475.1095834,1526.2783055010925
1772937475.1095915,2751.938611493659
1772937475.1095996,83.5594067002481
1772937475.1096077,-3150.3738920616565
1772937475.1096156,-2242.8634650859344
1772937475.1096237,2240.7482292626128
1772937475.1096315,4307.293418452617
1772937475.1096396,232.36665724298499
1772937475.1096475,-5414.939945365546
1772937475.1096554,-4344.2078593297265
1772937475.109664,4340.562386160064
1772937475.109672,10235.011094089004
1772937475.10968,1756.901840557889
1772937475.109688,-19729.9851750288
1772937475.1096964,-38359.476576536865
1772937475.5894005,34.337396119920356
1772937475.5894408,55.69344592144967
1772937475.5894675,-1.5853857034021648
1772937475.5894945,-58.613356671226995
1772937475.589521,-36.578279526212036
1772937475.5895476,34.48103653277883
1772937475.589574,56.84013957537705
1772937475.5896013,-0.1900872979831247
1772937475.5896275,-57.67664408120007
1772937475.589654,-35.75053517315416
1772937475.5896804,35.96383013067702
1772937475.5897074,58.772287363863555
1772937475.589716,1.0726513689445383
1772937475.5897243,-57.51615498343675
1772937475.5897324,-35.693891057401196
1772937475.5897405,36.87768458028726
1772937475.5897489,59.81112515974231
1772937475.5897572,0.646893140815082
1772937475.5897653,-59.39066894445545
1772937475.5897737,-36.94965433572931
1772937475.5897815,37.648976964341884
1772937475.5897896,61.093441687898
1772937475.5897975,-0.22436046053426184
1772937475.589806,-62.34374337250531
1772937475.58982,-38.63685322882927
1772937475.58983,39.67356601434017
1772937475.5898385,64.81600648801361
1772937475.5898464,0.9407537024369206
1772937475.5898547,-64.7248491750727
1772937475.5898628,-40.85726584739857
1772937475.5898707,41.14099285781184
1772937475.58988,68.59371727241917
1772937475.589888,2.7365187366934163
1772937475.589896,-66.05002568201829
1772937475.589904,-41.71192999949218
1772937475.589912,43.68525753161695
1772937475.58992,72.03984192714132
1772937475.589928,2.282078271255884
1772937475.5899363,-70.361658218528
1772937475.589944,-44.10690550273149
1772937475.589952,47.1914234201565
1772937475.58996,77.76940992665794
1772937475.589968,3.423752948900183
1772937475.589976,-74.3301114696973
1772937475.589984,-46.29645311637949
1772937475.589992,51.48187332110114
1772937475.59,83.69899807634157
1772937475.590008,2.5282319267450215
1772937475.590016,-82.11634086591478
1772937475.5900235,-51.352125584445815
1772937475.5900316,55.92949614927137
1772937475.5900397,91.7562313521781
1772937475.590048,2.837093086339429
1772937475.590057,-90.85757202604923
1772937475.5900652,-57.912698519927204
1772937475.5900733,60.19302819136942
1772937475.5900817,100.43055429749091
1772937475.5900896,2.747926368849404
1772937475.5900977,-100.8578190898606
1772937475.5901053,-64.03015223095846
1772937475.5901132,67.9469034728009
1772937475.5901213,112.98656688508066
1772937475.5901294,2.8747595905663004
1772937475.5901375,-114.5166234379749
1772937475.5901463,-73.27404351197696
1772937475.5901544,76.66592378370376
1772937475.5901625,128.56809119905577
1772937475.5901704,3.207764102435438
1772937475.5901785,-131.4994765193758
1772937475.590186,-84.3969144679564
1772937475.590194,88.6961021757913
1772937475.590202,148.9317361664828
1772937475.59021,2.5186234470674544
1772937475.5902178,-156.1586374309755
1772937475.5902257,-101.878947147103
1772937475.5902338,102.60535761097567
1772937475.5902417,175.62499390433806
1772937475.5902493,2.6218298703036105
1772937475.5902572,-187.79274981046962
1772937475.5902684,-124.34235160275594
1772937475.59028,122.21100956477251
1772937475.5902925,212.87758952149653
1772937475.5903063,4.1954732818200595
1772937475.5903199,-229.21403460024126
1772937475.5903294,-152.60063523277188
1772937475.5903373,152.56932212336565
1772937475.5903685,266.85268425397464
1772937475.5903764,5.267583873356141
1772937475.5903845,-291.7192935729005
1772937475.590392,-196.02235314513473
1772937475.5904,197.24683755840994
1772937475.590408,349.3465108520058
1772937475.5904157,9.428720996411062
1772937475.5904236,-385.9614102331776
1772937475.5904317,-263.94001972264135
1772937475.5904393,265.7335419631695
1772937475.5904474,479.9777025322435
1772937475.5904555,17.17980425097411
1772937475.5904634,-539.0022933980443
1772937475.5904715,-376.2000069558293
1772937475.5904794,383.0507122400085
1772937475.5904872,707.100434689123
1772937475.590495,28.41810805627644
1772937475.5905032,-825.5225251981616
1772937475.590511,-598.0786766585413
1772937475.5905192,600.2427609495604
1772937475.5905273,1160.9711331965393
1772937475.5905352,62.300314442715326
1772937475.5905433,-1434.5284086672061
1772937475.590551,-1103.673962624824
1772937475.5905588,1107.5352673730267
1772937475.5905676,2320.6517766997517
1772937475.590576,193.5534279029739
1772937475.590584,-3221.3358267212398
1772937475.590592,-2849.506287060785
1772937475.5905998,2854.0757907278967
1772937475.5906076,7545.118837848133
1772937475.5906155,1678.1715429102303
1772937475.5906236,-16631.821295245227
1772937475.5906315,-36147.56968594322
1772937476.0688157,3.157801007231498
1772937476.0688748,2.5529074021238474
1772937476.068908,2.2493773727492745
1772937476.068936,2.488249645879938
1772937476.0689645,3.120198946400996
1772937476.068993,3.662517131900248
1772937476.0690217,3.611492316666136
1772937476.0690503,2.8593144265320944
1772937476.0690787,1.8695737398137362
1772937476.0691073,1.3607359551127074
1772937476.0691307,1.693890341826971
1772937476.0691397,2.5295269371254254
1772937476.0691493,3.1252586859223555
1772937476.0691586,3.0074883042899136
1772937476.069168,2.350938183590838
1772937476.06918,1.7121657568152147
1772937476.069194,1.4483992902174792
1772937476.0692084,1.4404689760015048
1772937476.06922,1.3388422353990184
1772937476.0692291,0.9754380719564727
1772937476.0692427,0.48766619074506884
1772937476.069254,0.10964418199986381
1772937476.0692632,-0.054063105349547586
1772937476.0692723,-0.03740853298991175
1772937476.0692809,0.11152198280689402
1772937476.0692897,0.3841157919131514
1772937476.0692985,0.7547454250471162
1772937476.069307,1.1336127653350014
1772937476.069316,1.3991888975075193
1772937476.0693247,1.458792984665948
1772937476.0693336,1.2882816993879205
1772937476.0693424,0.9720465070746002
1772937476.0693507,0.7299005578900853
1772937476.0693595,0.8265773243587364
1772937476.069368,1.3370116327213137
1772937476.0693767,1.981002025067805
1772937476.0693855,2.297729089875483
1772937476.069398,2.0889115565338936
1772937476.0694115,1.6632227760512948
1772937476.0694263,1.5294628043684615
1772937476.069436,1.8100880040938112
1772937476.069445,2.0560659267865655
1772937476.0694537,1.7464156504757775
1772937476.0694623,0.9332811078201101
1772937476.069471,0.25027277381559176
1772937476.0694797,0.21852533868590718
1772937476.069488,0.6454167082839697
1772937476.0694969,0.8431446853270763
1772937476.0695055,0.4264666335825948
1772937476.0695152,-0.25713661978790014
1772937476.0695243,-0.5752286091422625
1772937476.0695336,-0.3851666634808512
1772937476.0695426,-0.19650781306003978
1772937476.0695515,-0.5364405001788567
1772937476.06956,-1.2945551628623029
1772937476.0695689,-1.8231464072174008
1772937476.0695777,-1.6483831209391715
1772937476.0695865,-0.9547457202077233
1772937476.069595,-0.3394796908341615
1772937476.0696037,-0.20295461491868366
1772937476.0696151,-0.46944306562736576
1772937476.0696263,-0.8239442479756391
1772937476.0696344,-1.0502202019716547
1772937476.0696423,-1.0922546716334127
1772937476.069651,-0.9396572165921815
1772937476.069659,-0.6293810093778516
1772937476.069667,-0.34936697220844565
1772937476.0696752,-0.36518076593543414
1772937476.0696836,-0.7229008756302995
1772937476.0696917,-1.0918971270215467
1772937476.0696998,-1.0528170279069191
1772937476.0697079,-0.5851598538929698
1772937476.0697155,-0.17251630751888444
1772937476.0697236,-0.3281906587412285
1772937476.0697317,-1.031854354727732
1772937476.06974,-1.7080764733814788
1772937476.069748,-1.7749151045465748
1772937476.0697565,-1.1666148480377843
1772937476.069765,-0.3170868486826385
1772937476.0697734,0.2775588583251291
1772937476.0697815,0.4055246091983821
1772937476.0697896,0.12772421039394288
1772937476.0697978,-0.3974156079832684
1772937476.0698059,-0.9800303488868405
1772937476.0698144,-1.380583244137396
1772937476.0698223,-1.3983118839542676
1772937476.0698304,-1.0522492881899745
1772937476.069838,-0.6108431828781202
1772937476.0698462,-0.36219762814689543
1772937476.0698543,-0.3610093852658985
1772937476.0698624,-0.4476231344762379
1772937476.0698705,-0.4946341295193476
1772937476.0698783,-0.5491946184681672
1772937476.0698867,-0.7013577330384001
1772937476.0698946,-0.8965056496366383
1772937476.0699024,-0.9788699045121095
1772937476.0699108,-0.9041794235707339
1772937476.069919,-0.794013741875685
1772937476.0699275,-0.7240158426767801
1772937476.069936,-0.5516730909195642
1772937476.0699444,-0.08718417204023166
1772937476.0699525,0.5668169568583121
1772937476.0699608,0.9921724928018454
1772937476.0699687,0.8837045237510707
1772937476.069977,0.4404926753989743
1772937476.0699852,0.17632405699412648
1772937476.0699933,0.2950903166493509
1772937476.070002,0.3856301713061854
1772937476.0700104,-0.11240381573016259
1772937476.0700183,-1.1589297565937422
1772937476.0700266,-1.9997174035451553
1772937476.0700347,-1.9221929516966165
1772937476.0700428,-1.0624228467702925
1772937476.070051,-0.30382778828045426
1772937476.0700593,-0.32185818487493256
1772937476.0700672,-0.8435508996336794
1772937476.0700755,-0.9901768975454651
1772937476.070084,-0.34087550744829853
1772937476.070092,0.49320196439733976
1772937476.0701,0.46416878517152976
1772937476.4527822,0.4444707471063423
1772937476.4528255,-0.30169616806236355
1772937476.4528532,-1.4266128453008995
1772937476.4528816,-2.240811902810511
1772937476.4529116,-2.2834559201338007
1772937476.4529457,-1.6989423400297199
1772937476.452978,-1.0959016296668371
1772937476.4530065,-0.9619261610612748
1772937476.45303,-1.1793996915530716
1772937476.45304,-1.156945086923056
1772937476.4530485,-0.47884083823330686
1772937476.4530573,0.6069794666207725
1772937476.4530663,1.4078966103325241
1772937476.4530747,1.490113254320848
1772937476.4530835,1.0922769648147914
1772937476.4530923,0.7968278172181614
1772937476.4531064,0.8549732623609836
1772937476.4531176,0.9493081688917748
1772937476.4531264,0.647619730190119
1772937476.4531353,-0.016716263827171302
1772937476.453144,-0.5378985978328433
1772937476.453153,-0.511022106779091
1772937476.453162,-0.10870442732288006
1772937476.4531708,0.08774840045545022
1772937476.4531796,-0.30400177880020096
1772937476.4531882,-1.1037084134272404
1772937476.4531972,-1.8054232735264792
1772937476.4532056,-2.0850647873422568
1772937476.4532142,-2.0145083026642085
1772937476.4532228,-1.8383351731047979
1772937476.4532316,-1.6711075166164553
1772937476.45324,-1.4709303482151
1772937476.4532487,-1.23081048972384
1772937476.453257,-1.070296843909581
1772937476.453266,-1.1001193617855491
1772937476.4532745,-1.266696119192224
1772937476.4532828,-1.4074986607372295
1772937476.4532914,-1.451125556972347
1772937476.4532998,-1.490094824074657
1772937476.4533083,-1.6184072726562664
1772937476.4533174,-1.74614285696526
1772937476.453326,-1.6571736110009068
1772937476.4533343,-1.2765268675732253
1772937476.4533432,-0.8268019936575466
1772937476.4533517,-0.6478426491234544
1772937476.4533613,-0.843899678911078
1772937476.45337,-1.1525162333599532
1772937476.453379,-1.209196452090042
1772937476.4533873,-0.9393989838285297
1772937476.4533956,-0.6460189660484191
1772937476.4534044,-0.6809127816471151
1772937476.4534128,-1.0521992273000136
1772937476.4534216,-1.4053538574627615
1772937476.45343,-1.411921173710041
1772937476.4534383,-1.1428267941825752
1772937476.4534864,-1.006697262093887
1772937476.4534953,-1.3061182528567326
1772937476.4535038,-1.886922130395715
1772937476.4535124,-2.2572692944621147
1772937476.453521,-2.0465109481981623
1772937476.4535296,-1.3250575986791042
1772937476.4535382,-0.48823201938236227
1772937476.4535468,0.11746071582912708
1772937476.4535553,0.4234899016878451
1772937476.453564,0.558502544845268
1772937476.4535728,0.6510828917161227
1772937476.453581,0.761018917309875
1772937476.45359,0.9344783406871606
1772937476.4535985,1.2085639178827627
1772937476.453607,1.520235145366869
1772937476.4536157,1.679781335005566
1772937476.453624,1.5207483307710674
1772937476.4536386,1.0829519399389582
1772937476.453647,0.5932674701362249
1772937476.4536552,0.2476920598800717
1772937476.4536636,0.06417487517050958
1772937476.4536717,-0.01037997091282989
1772937476.4536796,0.09334576220645621
1772937476.4536877,0.5395697518856241
1772937476.4536953,1.327070525495794
1772937476.4537034,2.1410281073618926
1772937476.4537113,2.5760885792905746
1772937476.4537191,2.5233863226447153
1772937476.4537275,2.2665264595816694
1772937476.453735,2.1600020569268983
1772937476.4537432,2.2746881793345337
1772937476.453751,2.42487687913203
1772937476.4537592,2.4868204905405227
1772937476.4537673,2.5414417455200886
1772937476.4537752,2.636983988085531
1772937476.4537833,2.5290386688623276
1772937476.4537911,1.8420899679395704
1772937476.4537992,0.5430738742854466
1772937477.1425235,2.0157913072756313
1772937477.1425612,1.7611160105668802
1772937477.142588,1.8821811152785468
1772937477.1426146,2.273210954059769
1772937477.1426415,2.64996804927405
1772937477.142668,2.686886244550239
1772937477.1426947,2.2667853998355145
1772937477.1427212,1.6482381084286082
1772937477.1427479,1.3223839036496634
1772937477.1427743,1.5902450854410397
1772937477.142802,2.23059389702577
1772937477.1428156,2.630540308349071
1772937477.142824,2.3136085569442373
1772937477.1428325,1.3602640165182096
1772937477.1428409,0.29755501551431485
1772937477.1428494,-0.40477376710784846
1772937477.1428576,-0.6819161845115557
1772937477.1428657,-0.7370728752940723
1772937477.1428735,-0.6793806211939224
1772937477.1428819,-0.42988021966672685
1772937477.1428897,0.013263709068707613
1772937477.142898,0.37009391931587776
1772937477.1429064,0.29624508926618354
1772937477.1429148,-0.1922870465257348
1772937477.142923,-0.6467141432622331
1772937477.1429317,-0.6440043724667252
1772937477.14294,-0.28074760490772904
1772937477.142948,-0.09768386445977671
1772937477.142957,-0.480120727265052
1772937477.1429653,-1.2215127722432557
1772937477.1429732,-1.7679165662039125
1772937477.1429813,-1.8545849638338434
1772937477.1429892,-1.774689742383308
1772937477.1429973,-1.9655248630577142
1772937477.143005,-2.4237413985148573
1772937477.1430132,-2.665080718104886
1772937477.143021,-2.284241688855238
1772937477.1430292,-1.4540033314491843
1772937477.1430373,-0.7858916818372496
1772937477.143046,-0.7283492011404954
1772937477.1430545,-1.183644775260976
1772937477.1430626,-1.7139594930344417
1772937477.1430707,-2.016241375122718
1772937477.1430788,-2.1136690412651706
1772937477.143087,-2.142961291037601
1772937477.1430948,-2.104346960484475
1772937477.143103,-1.8953095150335644
1772937477.1431105,-1.5172225711747358
1772937477.1431184,-1.1330059379829724
1772937477.1431265,-0.9042269275245524
1772937477.1431344,-0.8520675054718398
1772937477.1431425,-0.9268498011104326
1772937477.14315,-1.1507400441476585
1772937477.1431582,-1.5950143592810468
1772937477.1431663,-2.217314786743158
1772937477.143174,-2.8248913303573593
1772937477.143182,-3.2723284050513026
1772937477.14319,-3.641035292675313
1772937477.143198,-4.107887792139085
1772937477.1432056,-4.612507805702926
1772937477.143214,-4.7672746026999135
1772937477.143222,-4.22541368097689
1772937477.1432302,-3.144376428453286
1772937477.143238,-2.176377590789511
1772937477.143246,-1.9089189701988987
1772937477.143254,-2.3255119214242157
1772937477.143262,-2.87498218483221
1772937477.14327,-3.066878414993157
1772937477.1432784,-2.925752919661005
1772937477.1432867,-2.8268215859431973
1772937477.1432948,-2.9675871961914124
1772937477.143303,-3.131675015626568
1772937477.1433108,-3.011245788350531
1772937477.143319,-2.6643315094037443
1772937477.1433268,-2.524420832982065
1772937477.1433349,-2.923581548762286
1772937477.1433432,-3.672694521757881
1772937477.1433513,-4.18144176051642
1772937477.1433592,-3.9943727149150146
1772937477.1433673,-3.182335098707633
1772937477.143375,-2.227641978271825
1772937477.143383,-1.590546395797966
1772937477.143391,-1.4105802566799475
1772937477.143399,-1.5511627308717908
1772937477.143407,-1.8089483756818445
1772937477.1434152,-2.029272372525895
1772937477.1434233,-2.096647260189783
1772937477.1434314,-1.9434424889656792
1772937477.1434393,-1.6256395228783562
1772937477.1434474,-1.3353941732549612
1772937477.1434555,-1.2484837349274582
1772937477.1434634,-1.3297435447587036
1772937477.1434717,-1.335242532970935
1772937477.14348,-1.061726014065147
1772937477.143488,-0.594718814469114
1772937477.1434958,-0.2635637359365189
1772937477.1435363,-0.31568232819410913
1772937477.1435447,-0.6501100366916952
1772937477.1435528,-0.9179094095097593
1772937477.143561,-0.9075155665544158
1772937477.1435688,-0.8010185246889407
1772937477.1435769,-0.9944920898005036
1772937477.1435847,-1.6382751581869117
1772937477.1435928,-2.384985477904749
1772937477.1436007,-2.655429536943605
1772937477.1436088,-2.198302129268294
1772937477.143617,-1.381858030204497
1772937477.1436248,-0.8928600390904425
1772937477.143633,-1.1123584410660885
1772937477.1436408,-1.7766581748726895
1772937477.1436489,-2.2493475830052057
1772937477.1436567,-2.112624949069077
1772937477.1436648,-1.4822489308003297
1772937477.1436727,-0.7750702061040323
1772937477.1436808,-0.24543327117136363
1772937477.143689,0.18727309464743833
1772937477.1436968,0.6783522238872695
1772937477.7018893,-38851.51093025063
1772937477.7019353,-19143.742361432756
1772937477.7019637,2600.5115847697202
1772937477.701992,10151.79076265305
1772937477.70202,3447.95567279728
1772937477.7020488,-4789.527403078275
1772937477.7020772,-4782.725348324687
1772937477.7021058,1056.6835250339227
1772937477.702134,4163.7543420453385
1772937477.7021637,1327.1110166037172
1772937477.702191,-2643.711959413653
1772937477.7022097,-2472.0119392453003
1772937477.7022183,890.040203988112
1772937477.702227,2550.0263680216613
1772937477.702236,594.1454028345079
1772937477.7022445,-1880.3549669304314
1772937477.7022533,-1521.849749401745
1772937477.7022622,831.344531673323
1772937477.7022707,1788.6176665221813
1772937477.702279,224.02790652590363
1772937477.7022882,-1475.4814915101374
1772937477.7022967,-995.033460839076
1772937477.7023056,795.4543850408239
1772937477.7023144,1332.2289369360606
1772937477.702329,-3.198194570941967
1772937477.7023425,-1218.3006653058296
1772937477.7023551,-655.9539870814156
1772937477.7023642,765.8067200250591
1772937477.7023733,1019.7719420798722
1772937477.702382,-157.27278559461865
1772937477.702391,-1032.7934411038327
1772937477.7023993,-414.0227930754749
1772937477.702408,738.4552224230124
1772937477.7024171,785.5462111994569
1772937477.7024257,-269.60989982629206
1772937477.7024345,-886.8052325398727
1772937477.7024431,-227.51975851182502
1772937477.7024517,713.3719200248697
1772937477.7024615,599.9030090112155
1772937477.7024705,-354.187143936435
1772937477.7024791,-763.3417167948123
1772937477.702488,-75.46810826994013
1772937477.7024968,688.4240431414612
1772937477.702506,444.0311241311603
1772937477.7025146,-420.87992954612804
1772937477.7025256,-653.7599171987092
1772937477.7025397,54.044107926302594
1772937477.7025535,662.1539346424886
1772937477.702567,305.881544706475
1772937477.7025766,-477.13013707061856
1772937477.7025852,-554.2725543528833
1772937477.7025938,167.7803096372485
1772937477.7026024,634.7832950663678
1772937477.702611,180.99546832772904
1772937477.7026193,-523.452286315043
1772937477.702628,-459.41360440874473
1772937477.7026367,269.5407744418276
1772937477.7026453,601.7263583152376
1772937477.702654,59.878951378519645
1772937477.7026625,-564.8350359189523
1772937477.7026708,-365.83881907997517
1772937477.7026796,365.6001704271694
1772937477.702688,565.591321877623
1772937477.7026966,-58.03244207492657
1772937477.7027051,-599.5281620683584
1772937477.7027144,-267.6267746498836
1772937477.7027233,461.2716172871022
1772937477.7027328,526.0872738442388
1772937477.7027416,-177.1500679604206
1772937477.7027504,-630.3504563995348
1772937477.702759,-164.01641945525304
1772937477.7027676,556.5838777376841
1772937477.7027762,478.37264107622235
1772937477.7027848,-304.53825618934087
1772937477.7027967,-659.8114122004123
1772937477.70281,-50.7997238399504
1772937477.7028248,657.0311167467156
1772937477.7028337,423.3752431781862
1772937477.7028425,-442.39371913600536
1772937477.7028508,-687.0883262093637
1772937477.7028594,77.08719552847475
1772937477.702868,765.3558458299846
1772937477.7028768,356.2616368963835
1772937477.7028856,-598.1273119844792
1772937477.7028944,-711.9336456829463
1772937477.7029035,228.85743286043143
1772937477.7029123,888.2374786103748
1772937477.7029593,271.07197597324523
1772937477.702968,-784.2810352021854
1772937477.7029765,-737.5066394555848
1772937477.702985,414.76250636254866
1772937477.7029936,1033.5025184713395
1772937477.7030025,157.96934281978815
1772937477.703011,-1019.2378582461758
1772937477.70302,-765.5019350454254
1772937477.703029,656.2701573735692
1772937477.7030382,1219.080001445145
1772937477.7030475,4.7316589532849616
1772937477.7030563,-1330.0929326372545
1772937477.703065,-793.1992847477175
1772937477.7030735,997.0000715979887
1772937477.7030823,1477.1260774989107
1772937477.703091,-222.47239933463618
1772937477.7030995,-1787.0425601044362
1772937477.7031083,-830.0239222208396
1772937477.7031171,1522.4190275866292
1772937477.703126,1879.9025855589296
1772937477.7031348,-595.3474181419252
1772937477.7031431,-2551.299033755052
1772937477.7031548,-890.7985997325771
1772937477.7031684,2471.819054757448
1772937477.7031827,2643.6260306710606
1772937477.7031915,-1327.5600346382466
1772937477.7032003,-4164.506867093858
1772937477.7032087,-1057.0936745794086
1772937477.7032175,4783.331633405513
1772937477.703226,4791.1420425310935
1772937477.703235,-3446.1865876680167
1772937477.7032433,-10150.91279300503
1772937477.703252,-2600.793347414744
1772937477.7178552,19143.20261266369
1772937477.7178824,38852.163849245524
1772937478.2177284,39199.74944817078
1772937478.2177687,19698.432130904006
1772937478.2178037,-2620.3142272577575
1772937478.217837,-10720.9494828565
1772937478.2178657,-3769.5806536888017
1772937478.217896,5165.302043001469
1772937478.217924,5325.71955238022
1772937478.2179532,-1113.6634641056376
1772937478.217981,-4747.0218632792175
1772937478.21801,-1623.2756986345673
1772937478.2180388,3046.5957467376516
1772937478.218048,3004.230783537775
1772937478.218057,-981.8234989792411
1772937478.2180655,-3143.789551965719
1772937478.2180748,-860.6385276164713
1772937478.2180834,2313.97484742752
1772937478.218092,2045.3388191097556
1772937478.2181013,-957.2428260112972
1772937478.2181098,-2392.3062496784673
1772937478.2181187,-459.7467885905297
1772937478.2181275,1940.5397030662982
1772937478.2181363,1508.770271073512
1772937478.2181451,-957.9312978518523
1772937478.218154,-1947.87030751163
1772937478.2181628,-202.19117062322704
1772937478.2181728,1714.7615241414444
1772937478.2181816,1158.3503664855782
1772937478.2181902,-967.9241645886947
1772937478.2181988,-1649.5365029368552
1772937478.2182074,-17.331809692979093
1772937478.2182162,1562.5886477882452
1772937478.218225,906.0009174596046
1772937478.2182372,-980.8308468308136
1772937478.2182517,-1429.7302861310386
1772937478.2182648,126.97863802411396
1772937478.2182736,1450.9477006069037
1772937478.2182825,707.6846481810682
1772937478.2182908,-998.8280589707477
1772937478.2182996,-1258.81631185544
1772937478.2183084,247.9637858757775
1772937478.2183173,1368.4334419805523
1772937478.218326,548.0858425820596
1772937478.218335,-1016.1605526474747
1772937478.2183435,-1117.4811293901162
1772937478.2183523,352.5875024180426
1772937478.218361,1300.206581537869
1772937478.2183695,406.70357197250706
1772937478.2183783,-1040.2704533885624
1772937478.218387,-1000.2622660802137
1772937478.2183957,445.64896110342073
1772937478.2184043,1243.6004298562966
1772937478.2184129,280.487152347533
1772937478.2184217,-1065.961670723783
1772937478.2184305,-896.2425987086604
1772937478.218439,533.5316257731542
1772937478.2184527,1195.7145698451595
1772937478.2184668,163.17995557173435
1772937478.2184813,-1094.5933023374698
1772937478.2184925,-801.1683305985159
1772937478.2185009,620.1082661957411
1772937478.2185097,1156.1608762442534
1772937478.2185187,52.98593730734848
1772937478.2185278,-1124.6356289146906
1772937478.2185364,-710.5249869153363
1772937478.2185452,707.6800417241142
1772937478.218554,1121.6438232701953
1772937478.2185633,-56.32638854145864
1772937478.218572,-1159.9596413279864
1772937478.2185807,-624.1818284304783
1772937478.2185895,797.2316470963282
1772937478.218598,1091.0899281573923
1772937478.2186067,-166.29972935461294
1772937478.2186153,-1198.6536261832812
1772937478.218624,-536.2440923753342
1772937478.2186325,894.1390444726586
1772937478.2186413,1064.7875681557614
1772937478.21865,-280.91306183151215
1772937478.2186587,-1243.890800963646
1772937478.2186673,-446.2843495975358
1772937478.218676,999.3976961044858
1772937478.2186844,1039.769922684561
1772937478.2186928,-406.30772223994853
1772937478.2187014,-1298.8256824451116
1772937478.21871,-350.4971563975546
1772937478.2187185,1119.941021440233
1772937478.218727,1018.7118603235027
1772937478.2187362,-545.7576491068482
1772937478.2187448,-1366.7335742546436
1772937478.2187576,-247.24148674391245
1772937478.2187717,1258.4532083775753
1772937478.218785,997.52244597096
1772937478.218794,-709.6601884490289
1772937478.2188027,-1453.238399910761
1772937478.2188113,-129.10975592034484
1772937478.2188199,1428.2484100541437
1772937478.2188284,980.1611146595865
1772937478.2188373,-906.2948818522054
1772937478.218846,-1563.340481645043
1772937478.218855,15.518381235237001
1772937478.2188637,1646.7682243835795
1772937478.2188725,964.8618288937761
1772937478.2188814,-1161.1136911387136
1772937478.2188904,-1717.1312728174814
1772937478.2188988,199.95985482825014
1772937478.2189078,1945.6053845950235
1772937478.218917,955.7008840383439
1772937478.2189257,-1510.8938293751364
1772937478.2189345,-1942.6875035610376
1772937478.218943,457.4106350167629
1772937478.218952,2389.917434832242
1772937478.2189605,955.2332606044552
1772937478.218969,-2046.6722110079245
1772937478.2189777,-2314.8364266791523
1772937478.218986,859.7144502297822
1772937478.2189949,3142.478071561435
1772937478.2190034,980.2798615077771
1772937478.219012,-3005.691712759926
1772937478.2190206,-3048.011345260287
1772937478.2190292,1621.4484103349773
1772937478.2190387,4744.376098722131
1772937478.69869,35.067190182071684
1772937478.6987395,56.24985646389655
1772937478.6987708,-0.6566633462603113
1772937478.6988025,-57.22218984199996
1772937478.6988297,-35.06057659734748
1772937478.699034,35.79481030656196
1772937478.6990528,57.90988802037033
1772937478.699065,0.6990506918231795
1772937478.6990776,-57.162402095393425
1772937478.6990895,-36.070320016129365
1772937478.699102,34.506665240096595
1772937478.699162,56.389688393310415
1772937478.6991854,-1.6509419939240433
1772937478.6991973,-60.10832342494215
1772937478.699209,-38.06314264904347
1772937478.6992207,34.64622286905477
1772937478.6992323,57.797729544652746
1772937478.6992443,-0.879089673042472
1772937478.699256,-60.243113276589895
1772937478.6992676,-37.16543748410977
1772937478.6992798,38.003622704148235
1772937478.699292,62.11467825950706
1772937478.6993256,1.5216417696136877
1772937478.699378,-60.255542482308314
1772937478.6993918,-37.00819912769009
1772937478.6994045,40.280243703576474
1772937478.699417,64.71832568710062
1772937478.6994305,1.1151802150860244
1772937478.6994488,-63.66542155413492
1772937478.6994627,-39.41068865161956
1772937478.6994748,41.809214107816324
1772937478.699487,67.90055707552254
1772937478.6994991,1.3858248676002884
1772937478.699512,-66.71557920561597
1772937478.6995249,-41.02607757817858
1772937478.6995575,45.139198979514276
1772937478.6995952,73.1360678595865
1772937478.6996074,2.4576658620271647
1772937478.6996195,-70.80829308184828
1772937478.699632,-44.675669777554745
1772937478.699644,46.52182972373774
1772937478.6996565,76.6388321259699
1772937478.699669,1.7145536108329515
1772937478.6997063,-76.18782974834035
1772937478.6997187,-47.671585213218385
1772937478.6997316,50.921048533443624
1772937478.6997442,83.90084965613472
1772937478.6997569,3.307748193689726
1772937478.6997693,-80.97253687769789
1772937478.6997821,-50.22905511339019
1772937478.6997945,56.49547524671298
1772937478.6998072,91.49689017967141
1772937478.6998196,2.1364333014705297
1772937478.6998324,-91.21692978760525
1772937478.699844,-57.5249012715549
1772937478.6998556,60.910284802513054
1772937478.6998687,100.68754774713598
1772937478.6999114,2.2411779711990305
1772937478.699925,-101.70156174001416
1772937478.6999378,-64.71702041787871
1772937478.6999505,67.24249036799124
1772937478.699963,111.56163069366373
1772937478.6999755,0.3824980978275453
1772937478.699988,-117.5127677825031
1772937478.7000008,-75.78805724265484
1772937478.7000139,75.03921088855982
1772937478.7000268,127.2691528364938
1772937478.7000391,1.357317094926897
1772937478.700052,-134.17230395640922
1772937478.7000644,-87.32580399868824
1772937478.7000768,86.31106496001836
1772937478.7000892,147.41303339105409
1772937478.700102,1.5649320776781823
1772937478.7001145,-157.08634588764582
1772937478.700127,-103.12199778642282
1772937478.7001395,101.07353137359914
1772937478.7001524,174.1373931819334
1772937478.7001653,1.6310443457753068
1772937478.7001777,-187.99918430275798
1772937478.7001903,-123.90386935061161
1772937478.7002032,122.76426106973243
1772937478.700216,213.06050734483276
1772937478.700228,4.03855905145579
1772937478.70024,-229.19219235746448
1772937478.7002523,-151.96593390717823
1772937478.7002947,153.64566223740746
1772937478.700308,267.7077322663025
1772937478.7003205,5.3548256977943165
1772937478.700333,-292.428360239941
1772937478.7003455,-197.24109216503686
1772937478.700358,195.68250242128937
1772937478.70037,347.4058226220714
1772937478.7003825,7.192827680446821
1772937478.7003946,-388.1802588044923
1772937478.7004073,-265.9835647105537
1772937478.70042,263.4329367693816
1772937478.7004533,476.58778545003474
1772937478.7004657,12.25861050662242
1772937478.7004783,-544.9297597735247
1772937478.7004912,-381.9367940219852
1772937478.7005038,378.49327790181553
1772937478.7005162,703.9181309923628
1772937478.7005289,26.174403013299248
1772937478.7005415,-827.3843633541882
1772937478.7005541,-599.9765583189374
1772937478.7005663,597.974654760604
1772937478.7005787,1158.0955592000657
1772937478.700591,58.89169365431843
1772937478.7006035,-1438.0147105370097
1772937478.7006154,-1106.7431567823355
1772937478.7006283,1104.9839825368347
1772937478.700673,2318.343855497968
1772937478.7006855,191.29701440133312
1772937478.7006984,-3223.3980905391613
1772937478.7007113,-2851.2785583541922
1772937478.700725,2852.096677010977
1772937478.7007384,7541.999176212821
1772937478.7007508,1673.5096212921608
1772937478.7007635,-16637.083633416103
1772937478.700776,-36151.50678727079
1772937479.1780915,-0.9010227817399759
1772937479.1781344,-0.8446997200344921
1772937479.1781607,0.0814922339289551
1772937479.1781876,1.2900093952799054
1772937479.1782143,1.9475940306924036
1772937479.1782408,1.8367682216813128
1772937479.1782672,1.451091735397544
1772937479.1782937,1.2868355702736458
1772937479.1783211,1.261609478323875
1772937479.178354,0.958850461817515
1772937479.1783795,0.3111108901699227
1772937479.1784065,-0.20409023760851555
1772937479.1784155,-0.1193629792700444
1772937479.178424,0.4289193112822201
1772937479.1784325,0.8219840081965804
1772937479.1784403,0.6399545824176137
1772937479.178449,0.07137168427186891
1772937479.178457,-0.39562432013350457
1772937479.1784651,-0.5472992998070475
1772937479.1784732,-0.5688858930417894
1772937479.1784816,-0.6505831072452657
1772937479.1784897,-0.6681267230441076
1772937479.1784983,-0.37170969598036163
1772937479.1785064,0.19261593456689935
1772937479.17852,0.6138672090379574
1772937479.1785305,0.5218461283930071
1772937479.1785388,-0.010738246890875871
1772937479.1785483,-0.5324490486925482
1772937479.1785564,-0.6484692779788575
1772937479.1785648,-0.3502484190625876
1772937479.178573,0.040760365288181104
1772937479.1785808,0.16380299378090615
1772937479.178589,-0.1472612227925542
1772937479.178597,-0.7925711415025547
1772937479.1786053,-1.451345132753759
1772937479.1786134,-1.7343071903682679
1772937479.1786213,-1.4428706896897983
1772937479.1786294,-0.7739559558475977
1772937479.1786375,-0.22096143865230988
1772937479.1786456,-0.16942329138361265
1772937479.1786535,-0.5616325468513408
1772937479.1786616,-1.003210355085347
1772937479.1786697,-1.207098102385426
1772937479.1786776,-1.2636202645565897
1772937479.1786857,-1.4261137013612861
1772937479.1786935,-1.7009445732152582
1772937479.1787016,-1.7806556431724436
1772937479.1787095,-1.424485195562592
1772937479.1787176,-0.8106796427326018
1772937479.1787255,-0.40194418964432843
1772937479.1787333,-0.46680282997607686
1772937479.1787417,-0.8258088388500966
1772937479.178749,-1.107996894526536
1772937479.1787581,-1.1786033822956437
1772937479.1787665,-1.2190799510613193
1772937479.1787744,-1.40377249029957
1772937479.1787827,-1.614645555667187
1772937479.1787908,-1.5540514497931495
1772937479.178799,-1.101493106660716
1772937479.1788073,-0.4766616994638703
1772937479.1788151,-0.03518923657632359
1772937479.1788232,0.043742308577577174
1772937479.178831,-0.15322204434555864
1772937479.1788392,-0.4313770543366973
1772937479.1788473,-0.6613984958665787
1772937479.1788554,-0.8090936815104721
1772937479.1788635,-0.8813574621651944
1772937479.1788716,-0.9056025210324876
1772937479.1788795,-0.9406176652510018
1772937479.1788876,-1.0467532518783926
1772937479.1788957,-1.220931498234858
1772937479.1789033,-1.3802087151708262
1772937479.1789112,-1.4238557776166434
1772937479.1789193,-1.3037894847483402
1772937479.1789272,-1.0385316334227852
1772937479.1789353,-0.6926731152084573
1772937479.1789432,-0.36494290744065516
1772937479.1789515,-0.16280830266794738
1772937479.1789591,-0.12929593275161028
1772937479.1789672,-0.18136174874905192
1772937479.178975,-0.16431027168989523
1772937479.1789832,0.0006726501303666055
1772937479.1789916,0.24827655800612264
1772937479.179,0.47664125590002127
1772937479.179008,0.6800092417849819
1772937479.179016,0.8915625821986509
1772937479.179024,0.9957057671023072
1772937479.179032,0.7295023773377979
1772937479.17904,0.006716462179756604
1772937479.1790476,-0.7845704086850989
1772937479.1790557,-0.9797333409282687
1772937479.1790643,-0.2606162278130604
1772937479.179072,0.9667850883397234
1772937479.17908,1.944162864838289
1772937479.1790879,2.324141220573813
1772937479.1790955,2.443228794354255
1772937479.1791036,2.7717798570560617
1772937479.1791117,3.2288990749061406
1772937479.1791196,3.2537451759460745
1772937479.1791275,2.5800640522248743
1772937479.179135,1.7218389508064824
1772937479.1791432,1.4792435897868117
1772937479.1791508,2.007477441347447
1772937479.1791587,2.6049196446819423
1772937479.1791668,2.5333920937131333
1772937479.1791751,1.8927701418741136
1772937479.179183,1.4708921035716367
1772937479.1791909,1.7480733784653868
1772937479.1791987,2.2900773931993292
1772937479.1792068,2.279654032094549
1772937479.1792147,1.5182021884832713
1772937479.1792233,0.6620068956991325
1772937479.1792312,0.4380041111361595
1772937479.1792393,0.8442403401360786
1772937479.1792471,1.2918160389621574
1772937479.1792552,1.4073472651351238
1772937479.179263,1.413947933986702
1772937479.1792707,1.6457599890800105
1772937479.1792789,1.932153424011206
1772937479.1792867,1.7416430485109708
1772937479.6580944,1.1073855701818054
1772937479.658134,0.6015187553275557
1772937479.6581597,0.4054068190772183
1772937479.6581864,0.8280515077902181
1772937479.658213,1.486987902314483
1772937479.65824,1.6854272603077276
1772937479.6582663,1.1338997540518252
1772937479.658293,0.18972803382558778
1772937479.6583197,-0.5902937618155631
1772937479.658346,-0.9987986665681271
1772937479.6583729,-1.229839358054745
1772937479.6583996,-1.5048352417927036
1772937479.658408,-1.8035336521724066
1772937479.658416,-1.9776722505228013
1772937479.6584241,-1.9966188340816227
1772937479.6584325,-1.9695382606119252
1772937479.6584408,-1.958777690971861
1772937479.6584487,-1.884604782493233
1772937479.6584568,-1.658439174622051
1772937479.658465,-1.3457690706379752
1772937479.6584787,-1.1229952140982662
1772937479.6584885,-1.0794725040940034
1772937479.6584969,-1.121314579016831
1772937479.6585052,-1.0956822219195448
1772937479.6585133,-0.9771583110154953
1772937479.6585217,-0.8967866665041632
1772937479.6585298,-0.9945006944441274
1772937479.658538,-1.2666202066374688
1772937479.6585464,-1.5555240923772535
1772937479.6585543,-1.6676231915655446
1772937479.6585624,-1.50407866284139
1772937479.6585705,-1.1099954320818295
1772937479.6585786,-0.6200644082450749
1772937479.6585865,-0.14340835318279996
1772937479.6585948,0.32103417583376725
1772937479.6586027,0.8504292048567423
1772937479.6586108,1.4569039109233646
1772937479.6586187,1.9816632920380033
1772937479.6586268,2.1655383416029856
1772937479.658635,1.8579372032916601
1772937479.6586425,1.1599393227124526
1772937479.6586504,0.36029863727476874
1772937479.6586585,-0.2474727332132899
1772937479.6586668,-0.4752943099365537
1772937479.6586747,-0.2378430640506756
1772937479.6586828,0.42998522933690975
1772937479.6586907,1.2832562774010066
1772937479.6586988,1.879771192437436
1772937479.658707,1.8597678862650096
1772937479.6587155,1.31203034797249
1772937479.658724,0.7953564861458245
1772937479.658732,0.8606649655201527
1772937479.65874,1.5050308467022846
1772937479.658748,2.167855556177583
1772937479.6587558,2.3274388594000524
1772937479.658764,2.054341401350417
1772937479.658772,1.8831905557888529
1772937479.6587799,2.137472951785493
1772937479.6587877,2.4944844620018305
1772937479.658796,2.31728847722262
1772937479.658804,1.3921215159815972
1772937479.658812,0.23626942769133336
1772937479.65882,-0.36861889500063
1772937479.6588275,-0.10163024887727579
1772937479.658836,0.6693356041254326
1772937479.658844,1.315799400793319
1772937479.658852,1.5079420176218856
1772937479.6588595,1.3565163680315127
1772937479.6588676,1.1307284473314236
1772937479.6588757,0.9558088453458502
1772937479.6588838,0.7761349873249899
1772937479.6588917,0.5056197477712963
1772937479.6588995,0.14482327405621742
1772937479.6589077,-0.21416176591023953
1772937479.6589155,-0.4357630564684497
1772937479.658924,-0.4050628710242156
1772937479.658932,-0.11483764139520714
1772937479.65894,0.280101611729727
1772937479.6589484,0.5452274400880585
1772937479.6589565,0.5673732463051528
1772937479.6589644,0.47744712735393086
1772937479.6589725,0.5292270532505219
1772937479.6589804,0.8331145462348576
1772937479.6589885,1.2285350515530409
1772937479.658996,1.4359619879790904
1772937479.659004,1.3214368982587315
1772937479.6590118,1.00274025584309
1772937479.65902,0.7250796174325669
1772937479.659028,0.6631250941269006
1772937479.659036,0.8149286441701261
1772937479.659044,1.0181437344507624
1772937479.659052,1.0529806379038442
1772937479.65906,0.8069244352085562
1772937479.659068,0.41730933836919987
1772937479.659076,0.2165282230180809
1772937479.6590836,0.4177515152046407
1772937479.6590917,0.8101760027580643
1772937479.6590996,0.872607873122394
1772937479.6591074,0.32414455215246973
1772937479.6591156,-0.4520176076486922
1772937479.6591234,-0.6875238715747563
1772937479.6591313,-0.032383635877330334
1772937479.6591392,0.9949790208448891
1772937479.6591473,1.499185001747926
1772937479.659155,1.1543522567038849
1772937479.6591628,0.5268702765379863
1772937479.6591709,0.3871605529101659
1772937479.6591797,0.8285361624887733
1772937479.659188,1.2450578245272144
1772937479.659196,1.1528537854557714
1772937479.659204,0.7920334851384302
1772937479.659212,0.754859667038223
1772937479.65922,1.1636041455591062
1772937479.659228,1.510129794859039
1772937479.659236,1.3818572184631635
1772937479.659244,1.0872813292959034
1772937479.6592522,1.2803974308393726
1772937479.6592605,2.010043323139631
1772937479.6592684,2.4589694219461675
1772937479.6592765,1.8270808754957302
1772937479.9526675,0.6434290078209101
1772937479.9527068,-0.27877331949723355
1772937479.9527295,-0.7720201901649639
1772937479.9527526,-0.48811379080419093
1772937479.9527776,0.21892555334468056
1772937479.9527926,0.7387190896248137
1772937479.9528084,0.8413536480092002
1772937479.9528184,0.791104662716406
1772937479.9528277,0.9057476004468805
1772937479.9528368,1.17299811145907
1772937479.9528458,1.369177809456219
1772937479.9528549,1.4312661328653526
1772937479.9528635,1.5313030687596192
1772937479.952872,1.7533665009140569
1772937479.9528809,1.8474030183269283
1772937479.9528897,1.4588934215481972
1772937479.9529033,0.6018175475780468
1772937479.9529145,-0.22018522089168202
1772937479.9529247,-0.44982530196388715
1772937479.9529335,-0.008355537768056621
1772937479.9529493,0.6591134313685718
1772937479.9529576,1.0501401423516727
1772937479.9529655,1.0565362311497049
1772937479.9529738,0.9576174737689954
1772937479.9529817,1.0581302773872558
1772937479.9529903,1.4051001510179806
1772937479.9529984,1.8171733898928437
1772937479.9530067,2.080843940235661
1772937479.9530149,2.079566571387026
1772937479.9530227,1.8158108775021373
1772937479.9530308,1.408280418713593
1772937479.9530392,1.0604753172438905
1772937479.9530473,0.9368831288785845
1772937479.9530551,1.0206974120622057
1772937479.9530632,1.1509471826746258
1772937479.953071,1.2670778702189327
1772937479.953079,1.5720256364954228
1772937479.953087,2.325393754283606
1772937479.953095,3.419737595703239
1772937479.953103,4.264148177973262
1772937479.953111,4.249134394536599
1772937479.953119,3.3836615485058843
1772937479.953127,2.39222308499694
1772937479.953135,2.086779528143334
1772937479.9531431,2.6352561308935494
1772937479.953152,3.4847063666390796
1772937479.9531603,3.9744594217488296
1772937479.9531686,3.9327532753302523
1772937479.9531767,3.65013740544612
1772937479.953185,3.3978018977784004
1772937479.9531932,3.1431082275791087
1772937479.9532018,2.7564221144104124
1772937479.95321,2.3273503177827326
1772937479.953218,2.1020753626721227
1772937479.953226,2.1192041061705593
1772937479.953234,2.0744942950501297
1772937479.953242,1.6644014166171415
1772937479.95325,1.0080494982746904
1772937479.9532578,0.5941569370082012
1772937479.953266,0.7705994699257785
1772937479.9532735,1.3689627914619267
1772937479.953282,1.8979636559487916
1772937479.9532897,2.0500826323867214
1772937479.953298,1.9206360173093913
1772937479.953306,1.7522211978690008
1772937479.9533143,1.620648780025824
1772937479.953322,1.4816530757860364
1772937479.95333,1.4314755576311022
1772937479.953338,1.6975284198910354
1772937479.953346,2.2576053410849286
1772937479.953354,2.588884712713567
1772937479.9533617,2.0190887123816528
1772937480.4439425,-38354.17770357541
1772937480.4439847,-19724.39902086353
1772937480.444017,1762.384082232107
1772937480.4440427,10240.3296643562
1772937480.4440694,4345.638455767385
1772937480.4440963,-4339.523617467586
1772937480.4441233,-5410.67747869945
1772937480.4441497,236.34130476890692
1772937480.444177,4311.090817746836
1772937480.4442036,2244.3539117569358
1772937480.44423,-2239.4171279219613
1772937480.4442563,-3146.850154415611
1772937480.444265,87.38182404122158
1772937480.4442728,2755.83979214612
1772937480.444281,1529.5705877203727
1772937480.4442894,-1524.7540570598735
1772937480.4442976,-2247.196851521859
1772937480.444306,43.49589735215242
1772937480.4443142,2050.6747636559307
1772937480.4443223,1174.8700231895004
1772937480.4443307,-1171.5284027364132
1772937480.4443383,-1771.3389237334588
1772937480.4443464,26.533288398580027
1772937480.4443548,1657.3512792001686
1772937480.444363,968.0304078807492
1772937480.4443712,-965.18741520478
1772937480.4443793,-1484.1936804369475
1772937480.4443877,16.685744839255364
1772937480.4443958,1410.774221911227
1772937480.444404,836.1036740193979
1772937480.444412,-830.8367450894527
1772937480.444421,-1293.4556665191967
1772937480.4444294,13.690979331616935
1772937480.4444375,1247.8701712387253
1772937480.444446,745.6708955879989
1772937480.4444542,-744.2198895280488
1772937480.4444623,-1168.7768860664464
1772937480.4444704,7.14182349599561
1772937480.4444785,1133.140436871223
1772937480.4444861,682.5638474163105
1772937480.4444945,-683.4378423795205
1772937480.4445024,-1080.42132156251
1772937480.4445107,5.429399755108039
1772937480.4445186,1056.7836166596887
1772937480.444527,641.2362318692201
1772937480.444535,-640.8668341976901
1772937480.4445431,-1020.3255327029257
1772937480.4445512,3.7689143025371012
1772937480.444559,1005.081607761141
1772937480.4445672,612.8275189755522
1772937480.4445753,-615.3497867499665
1772937480.4445832,-985.1269447698481
1772937480.4445913,-0.3337547872712603
1772937480.4445992,972.0818936425056
1772937480.4446073,596.3480303683738
1772937480.4446151,-599.8621839968679
1772937480.4446232,-965.0942365604882
1772937480.444631,-0.6862973796141596
1772937480.4446392,959.8723776837569
1772937480.4446473,593.0089442493223
1772937480.4446557,-592.7622520479795
1772937480.444664,-960.0151465285206
1772937480.444672,0.044749561352255114
1772937480.44468,964.0868431587154
1772937480.444688,598.5819251548833
1772937480.4446967,-598.0114017890146
1772937480.4447043,-974.2859567584442
1772937480.4447124,-2.3309919798993217
1772937480.4447205,982.4046329522689
1772937480.4447284,613.0910986127411
1772937480.4447365,-614.2851427867731
1772937480.444744,-1005.7594480234063
1772937480.444752,-4.025579533936878
1772937480.44476,1019.9781076081981
1772937480.4447682,640.05272815626
1772937480.444776,-642.4960959741564
1772937480.4447842,-1058.0646562088775
1772937480.444792,-6.254620001760382
1772937480.4448,1080.1213715345925
1772937480.444808,683.2087500795359
1772937480.444816,-683.3109515267952
1772937480.4448242,-1134.612915443698
1772937480.444832,-9.052038376405092
1772937480.4448402,1166.8644915638774
1772937480.444848,742.5541847830781
1772937480.444856,-746.9658419049496
1772937480.444864,-1248.5479349079435
1772937480.4448721,-13.449137585260276
1772937480.4448802,1294.5532037716503
1772937480.4448888,832.1479042275988
1772937480.4448967,-835.359083703812
1772937480.4449048,-1410.7950102484408
1772937480.444913,-16.931925378528522
1772937480.4449208,1484.3360080222558
1772937480.444929,965.6581881675809
1772937480.4449368,-967.9015469110481
1772937480.444945,-1658.035501434585
1772937480.4449532,-27.73411502666396
1772937480.4449615,1770.312656430925
1772937480.4449697,1170.9158098624684
1772937480.4449775,-1175.5414763646568
1772937480.4449854,-2051.9367574694297
1772937480.4449935,-45.194389963670666
1772937480.4450011,2245.804294095338
1772937480.4450092,1524.173637067186
1772937480.445017,-1529.6197206869124
1772937480.4450252,-2756.070097721794
1772937480.4450333,-88.15813269646775
1772937480.4450414,3145.7812149162255
1772937480.4450495,2238.47471041485
1772937480.4450576,-2245.0737709905843
1772937480.4450655,-4311.709515369187
1772937480.4450736,-236.7188657820693
1772937480.4450817,5411.084238611517
1772937480.4450896,4341.231511981178
1772937480.4450974,-4342.626362151665
1772937480.4451056,-10236.521465740383
1772937480.4451137,-1758.4087624221145
1772937480.445122,19728.05377957198
1772937480.4451303,38357.115054864465
1772937480.924228,-34.73541548530218
1772937480.9242659,-56.6482813245548
1772937480.9242923,-0.42896481405764647
1772937480.9243193,55.951258860421355
1772937480.9243462,34.28030643940502
1772937480.9243731,-35.64886781273143
1772937480.9243996,-56.86878020015455
1772937480.9244263,0.7705143241729812
1772937480.9244533,58.3415960474054
1772937480.9244797,36.2591270187489
1772937480.9245064,-35.66132801227791
1772937480.9245331,-58.661164990472756
1772937480.9245458,-1.0256678730963686
1772937480.924554,57.78415798141126
1772937480.9245625,36.453138931462426
1772937480.9245703,-35.627054947743716
1772937480.9245784,-58.345540733271164
1772937480.9245865,0.7653549941834062
1772937480.9245949,60.71478259890014
1772937480.9246027,38.27005678017903
1772937480.9246109,-36.387403633874115
1772937480.9246187,-60.06657902453268
1772937480.9246273,1.0522777633358107
1772937480.9246352,63.38545578536868
1772937480.9246433,40.29846879030541
1772937480.9246514,-37.603178479417906
1772937480.9246595,-63.2392642548727
1772937480.924672,-0.7102951025414207
1772937480.9246821,63.68795439658322
1772937480.9246905,39.62348726686648
1772937480.9246988,-41.41787826215853
1772937480.9247067,-67.64813697704388
1772937480.9247146,-1.245680649465481
1772937480.924723,67.2970386903802
1772937480.9247305,42.55737739812036
1772937480.9247386,-42.884672772853605
1772937480.9247465,-71.09795556191474
1772937480.9247544,-1.5003218905536513
1772937480.924763,70.65867422512125
1772937480.9247708,44.21330916560792
1772937480.9247787,-46.40668222159056
1772937480.9247897,-75.64210320786117
1772937480.9247975,-0.1603458746986189
1772937480.9248056,77.85263821944301
1772937480.924814,49.37735232993546
1772937480.9248216,-48.79236013400592
1772937480.9248295,-80.8526693316212
1772937480.9248374,0.8304127836153639
1772937480.9248452,85.8247441804284
1772937480.924853,55.03936426418021
1772937480.924861,-52.391809814075316
1772937480.9248688,-88.2384977734521
1772937480.9248767,0.6686903079489748
1772937480.9248843,94.00779954563167
1772937480.9248924,60.26607236536444
1772937480.9249003,-58.718688278792385
1772937480.924909,-99.42955779596299
1772937480.9249177,-1.6688085531190708
1772937480.9249253,102.28017722837023
1772937480.9249334,65.68216432210576
1772937480.9249413,-66.30170707598063
1772937480.9249492,-111.44954801122778
1772937480.924957,-1.4054012227024286
1772937480.9249651,115.95482750509184
1772937480.924982,74.67439021173178
1772937480.924997,-75.21349689174333
1772937480.9250104,-126.75386102815148
1772937480.925023,-0.6161824429334374
1772937480.9250352,135.05954874684056
1772937480.9250476,88.61760595113319
1772937480.9250607,-84.55733679625953
1772937480.9250808,-145.62368563075944
1772937480.9250958,-0.310464509858517
1772937480.9251087,157.5955274864718
1772937480.9251213,103.06064024920823
1772937480.925134,-101.57962536042393
1772937480.9251463,-175.26467381119662
1772937480.9251583,-3.539079280602254
1772937480.9251697,185.65440955532404
1772937480.9251819,121.92320370644215
1772937480.9251935,-123.78035523196375
1772937480.9252055,-213.2746104458458
1772937480.925218,-4.186723777491523
1772937480.9252307,228.55419055607416
1772937480.9252434,150.96027060993904
1772937480.9252574,-154.4761917027057
1772937480.9252708,-268.0541346456074
1772937480.9252837,-5.462732319970448
1772937480.925295,292.0217630564283
1772937480.9253075,196.13422420613736
1772937480.9253197,-197.64238276127242
1772937480.9253314,-350.2887620497964
1772937480.9253435,-11.049555215312242
1772937480.9253557,383.49347813111825
1772937480.925367,260.9180137992525
1772937480.9253793,-268.34981846761116
1772937480.925392,-481.1385692166192
1772937480.9254055,-16.61045857138859
1772937480.9254189,540.5859568361158
1772937480.9254317,377.74368349974344
1772937480.9254444,-382.18803521551376
1772937480.9254563,-707.0643935424654
1772937480.9254684,-29.264675398209597
1772937480.9254804,823.7209173556055
1772937480.925494,595.6526072288677
1772937480.9255075,-602.3242227338552
1772937480.9255216,-1161.6974883057871
1772937480.9255333,-61.587868527363995
1772937480.925542,1435.6583709369982
1772937480.9255512,1104.0845603530295
1772937480.92556,-1107.9814251016326
1772937480.9255683,-2321.1345905332046
1772937480.9255772,-193.41041522621313
1772937480.9255862,3221.8338915769755
1772937480.9255967,2849.7120146787884
1772937480.925606,-2854.0184051781325
1772937480.9256148,-7544.073357838922
1772937480.9256232,-1675.2034578086073
1772937480.925632,16636.208739480593
1772937480.9256406,36151.68690400048
1772937481.405096,-0.5396716732721147
1772937481.4051368,-0.3763510677430559
1772937481.4051633,0.3124097314653825
1772937481.40519,1.0623447485063824
1772937481.4052167,1.4269571130918444
1772937481.4052434,1.3011841096343848
1772937481.40527,0.8436276728762571
1772937481.4053016,0.24102110222335626
1772937481.4053285,-0.3581127833176667
1772937481.405355,-0.7653288535879482
1772937481.4053817,-0.7869631911334876
1772937481.4054077,-0.42275779944164926
1772937481.4054165,0.03450742364719758
1772937481.405425,0.2013386069767725
1772937481.4054334,-0.06847996148711832
1772937481.405442,-0.5893888902298224
1772937481.4054503,-1.0679214563583705
1772937481.405491,-1.3550123891130106
1772937481.4054992,-1.4511426838829429
1772937481.405507,-1.3515618555818638
1772937481.4055152,-1.0224659659225719
1772937481.4055233,-0.5668827232230229
1772937481.4055314,-0.30532573445673994
1772937481.4055433,-0.5492470074764129
1772937481.4055536,-1.2520313674987884
1772937481.4055617,-1.9506889685423483
1772937481.4055696,-2.129385967089841
1772937481.405578,-1.660968540632652
1772937481.405586,-0.8871956703443983
1772937481.405594,-0.2900298994907307
1772937481.4056022,-0.11229408235427604
1772937481.40561,-0.26189885270208757
1772937481.4056182,-0.4855180874619448
1772937481.4056263,-0.573361397901387
1772937481.405634,-0.45211690459955095
1772937481.405642,-0.20191395247458513
1772937481.40565,-0.03589103238997177
1772937481.405658,-0.19006950631516692
1772937481.4056664,-0.7248404188030207
1772937481.4056745,-1.412131191331335
1772937481.4056823,-1.885796644212602
1772937481.4056904,-1.9609206176927803
1772937481.405698,-1.7897069696642787
1772937481.405706,-1.6656005345939149
1772937481.405714,-1.692666758707161
1772937481.405722,-1.7062929170814016
1772937481.4057298,-1.5256445409302608
1772937481.4057376,-1.206639111064675
1772937481.4057455,-0.973693457501063
1772937481.4057534,-0.9329049119432085
1772937481.4057615,-0.9555242958711285
1772937481.4057693,-0.8871127625982242
1772937481.4057782,-0.7906086718588206
1772937481.4057865,-0.874107960339717
1772937481.4057944,-1.1814070246603574
1772937481.4058025,-1.4708105035146035
1772937481.4058104,-1.4876081532460819
1772937481.4058185,-1.3059622752511482
1772937481.4058263,-1.276829809118971
1772937481.4058344,-1.5954078767349784
1772937481.4058423,-2.011025865521642
1772937481.4058504,-2.074135109840237
1772937481.4058583,-1.6666821303464765
1772937481.4058664,-1.1880360499358298
1772937481.4058745,-1.1515586750698528
1772937481.4058828,-1.6385826641149346
1772937481.4058907,-2.2224494593763136
1772937481.4058988,-2.4240054848167167
1772937481.405907,-2.166090179005303
1772937481.4059148,-1.751809924572145
1772937481.4059231,-1.4768972064133914
1772937481.4059312,-1.3655004191051276
1772937481.405939,-1.279764400860333
1772937481.4059472,-1.1715228917812106
1772937481.405955,-1.1353839338407834
1772937481.4059632,-1.2541921717064999
1772937481.405971,-1.5023328125521858
1772937481.405979,-1.8345813451699646
1772937481.4059865,-2.281372999861246
1772937481.4059944,-2.8571209441769296
1772937481.4060023,-3.390541329074649
1772937481.4060109,-3.562126005702593
1772937481.4060187,-3.1986352596137166
1772937481.4060285,-2.513506327085284
1772937481.4060411,-1.984125527730385
1772937481.406054,-1.9553777268185553
1772937481.4060671,-2.3697306613684685
1772937481.4060767,-2.868790448667306
1772937481.4060845,-3.099679612676085
1772937481.406093,-2.9006738640397285
1772937481.4061005,-2.2790753844971765
1772937481.4061086,-1.3573244103560749
1772937481.4061165,-0.39834575558686347
1772937481.4061244,0.22351669094841475
1772937481.4061325,0.24779374981142696
1772937481.40614,-0.20431063995558554
1772937481.4061482,-0.6576024982941713
1772937481.406156,-0.6839876642821255
1772937481.406164,-0.30534714253637596
1772937481.406172,0.041957321218970944
1772937481.4061804,-0.037090698309104025
1772937481.4061885,-0.5060153470417206
1772937481.4061964,-0.9739123465407101
1772937481.4062045,-1.104248322670307
1772937481.4062123,-0.8774279540665288
1772937481.4062204,-0.4700805660174824
1772937481.4062283,0.0030194526178196385
1772937481.4062364,0.5275762327158067
1772937481.4062445,1.0136385739817555
1772937481.4062524,1.2289064795573414
1772937481.4062612,1.0098992064080254
1772937481.4062696,0.5060775633610666
1772937481.4062772,0.11069792208207604
1772937481.4062853,0.10141619741438865
1772937481.406293,0.3842909133827352
1772937481.406301,0.6236479298467651
1772937481.406309,0.5841925367917051
1772937481.4063168,0.2890296572029688
1772937481.4063249,-0.12633219477980856
1772937481.4063327,-0.592413963873777
1772937481.8855956,0.6677776469546767
1772937481.88565,0.5188197063417498
1772937481.885678,0.3027964194446051
1772937481.8857067,0.16021376614548083
1772937481.8857353,0.1930691113041691
1772937481.8857634,0.31716428792683715
1772937481.885792,0.3270964416084528
1772937481.8858204,0.1301121014016503
1772937481.8858492,-0.11249176421443917
1772937481.8858776,-0.12920321062931442
1772937481.8859072,0.15815686188498057
1772937481.8859208,0.5148390464124382
1772937481.88593,0.6312850381716015
1772937481.885939,0.47999067113025357
1772937481.8859477,0.3700551732569511
1772937481.8859563,0.5895496038605034
1772937481.885965,1.0179194260407292
1772937481.8859737,1.1811660520340739
1772937481.8859828,0.7488249925262541
1772937481.8859982,-0.05471546883770297
1772937481.886009,-0.6023937718743883
1772937481.8860197,-0.44592657062458924
1772937481.8860288,0.29236679580501357
1772937481.886038,1.12142194813152
1772937481.886047,1.7079685725951264
1772937481.886056,2.116653176634104
1772937481.8860643,2.537563998327631
1772937481.886073,2.9081373574398133
1772937481.886082,2.9439558749777803
1772937481.8860905,2.55093758802438
1772937481.8860993,2.0775904022274583
1772937481.886108,2.0268142355895353
1772937481.8861167,2.501476526613292
1772937481.8861256,3.0160641222852203
1772937481.886134,2.926739528933162
1772937481.886143,2.0498733661630117
1772937481.8861513,0.8373192817497708
1772937481.88616,-0.037411062792188435
1772937481.8861687,-0.22911503408070644
1772937481.8861773,0.10971840045181512
1772937481.8861856,0.5950060698905075
1772937481.8861947,0.9526356674732844
1772937481.8862033,1.124452821283922
1772937481.8862119,1.1676409726341885
1772937481.8862205,1.1575702207951908
1772937481.8862293,1.1762803838662688
1772937481.8862376,1.293159068595882
1772937481.8862464,1.4801339787661223
1772937481.886256,1.5657780471457814
1772937481.8862648,1.3502939109695504
1772937481.8862736,0.8160226491611685
1772937481.886282,0.21422587927725628
1772937481.886291,-0.09481053477984895
1772937481.8862996,0.08127121851743041
1772937481.886308,0.6230052748276753
1772937481.8863165,1.199564924428037
1772937481.8863256,1.4984722344918082
1772937481.8863342,1.395868261082233
1772937481.8863425,0.9867547209541168
1772937481.8863516,0.5153913887794469
1772937481.8863604,0.258911035189305
1772937481.8863688,0.3837124075008669
1772937481.8863776,0.8223443079344888
1772937481.886386,1.276653652972852
1772937481.8863947,1.4070975491793352
1772937481.8864036,1.0966654753917515
1772937481.8864124,0.5564241356735956
1772937481.8864207,0.1472475936903735
1772937481.8864293,0.06343487326444222
1772937481.886438,0.17696556726181376
1772937481.8864467,0.1891832460435674
1772937481.8864553,-0.07542766514719995
1772937481.886464,-0.5337728610053739
1772937481.8864727,-0.9765821545992427
1772937481.8864813,-1.2821479083619947
1772937481.8864899,-1.4639797774090109
1772937481.8864985,-1.538818067267164
1772937481.8865075,-1.43274134530217
1772937481.8865168,-1.078226246230649
1772937481.8865252,-0.5746602003741806
1772937481.886534,-0.1593996809888065
1772937481.8865428,0.03919089777865838
1772937481.8865516,0.1800437161876158
1772937481.8865607,0.548429271168214
1772937481.886569,1.1760062920168948
1772937481.8865776,1.6787681557922247
1772937481.8865864,1.56675701396312
1772937481.886595,0.7485540026491697
1772937481.8866036,-0.31514476019153614
1772937481.8866124,-1.0069194854749386
1772937481.8866208,-1.095586705223445
1772937481.8866296,-0.8639739743497159
1772937481.8866384,-0.7302799819349364
1772937481.8866467,-0.8244831025084987
1772937481.8866553,-0.9724279456145242
1772937481.886664,-1.0137211005440743
1772937481.8866725,-1.0007482169975697
1772937481.8866813,-1.0463514157731328
1772937481.88669,-1.0861842896784906
1772937481.8866985,-0.9331457138299456
1772937481.886708,-0.5824038179004553
1772937481.8867168,-0.3421233847753364
1772937481.8867257,-0.5491909304688466
1772937481.8867345,-1.16852803235202
1772937481.8867433,-1.7694645691675566
1772937481.8867521,-1.9443561460114351
1772937481.8867617,-1.703783710774758
1772937481.8867707,-1.412428697084925
1772937481.88678,-1.3772324083396268
1772937481.886789,-1.577665922256812
1772937481.8867984,-1.793031184427665
1772937481.8868072,-1.883115764159172
1772937481.8868155,-1.864080517334787
1772937481.8868244,-1.778100086454086
1772937481.8868337,-1.6364137396104086
1772937481.886842,-1.5292271053617135
1772937481.8868513,-1.655044112630806
1772937481.88686,-2.0849871153683295
1772937481.8868687,-2.513929408552156
1772937481.886878,-2.4208250574091137
1772937481.8868866,-1.6073083007938014
1772937482.3663323,-1.4263055947834227
1772937482.3664,-0.7208373453595557
1772937482.3664284,-0.31240664811325236
1772937482.366464,-0.325442547382316
1772937482.3664973,-0.7043936664904366
1772937482.3665245,-1.2510219811031962
1772937482.3665533,-1.708331977241848
1772937482.3665822,-1.8707246259087136
1772937482.3666103,-1.6921016101430966
1772937482.3666391,-1.3191805468337028
1772937482.3666692,-0.986204486616964
1772937482.3666832,-0.8263631394307173
1772937482.3666947,-0.7736327341239152
1772937482.366704,-0.6715398897033399
1772937482.3667192,-0.4841706340984049
1772937482.3667305,-0.36556538719659104
1772937482.36674,-0.4848099317479374
1772937482.3667493,-0.794643320506723
1772937482.366758,-1.0248832367413183
1772937482.3667672,-0.9374977378956576
1772937482.3667758,-0.5688034570217999
1772937482.3667846,-0.183727093002586
1772937482.3667936,0.006275501322478363
1772937482.3668025,0.04076927023526809
1772937482.366811,0.11302577688664325
1772937482.36682,0.31971100813438375
1772937482.366829,0.564543099185424
1772937482.3668377,0.7119597812802034
1772937482.3668473,0.7761767986827318
1772937482.3668563,0.9049032139001514
1772937482.3668652,1.1885856369227172
1772937482.3668742,1.540452848796543
1772937482.3668854,1.789167221692882
1772937482.3668995,1.857509026039863
1772937482.3669136,1.8140280517262113
1772937482.366928,1.7691229322103705
1772937482.3669372,1.7793404353343216
1772937482.366946,1.8730787757394771
1772937482.3669548,2.108162688879871
1772937482.3669636,2.513905661511675
1772937482.3669727,2.9518874469121985
1772937482.3669813,3.1059247091641655
1772937482.36699,2.7152770164056994
1772937482.367,1.8685777528456542
1772937482.3670096,1.0315048534946427
1772937482.3670185,0.7012974335369343
1772937482.3670273,0.96682154675026
1772937482.367036,1.394808257711549
1772937482.367045,1.3864224733854376
1772937482.367054,0.7073275886246521
1772937482.3670628,-0.2829159405182464
1772937482.3670716,-0.9119292082194206
1772937482.3670807,-0.7332879304606942
1772937482.3670895,0.15719729256843087
1772937482.3670983,1.2842475332189804
1772937482.3671074,2.2294831210533217
1772937482.3671165,2.88923207719651
1772937482.3671253,3.325576362308557
1772937482.367134,3.4513442905263307
1772937482.367143,2.991523722888277
1772937482.367152,1.8407951974752892
1772937482.3671608,0.4193362953082218
1772937482.3671696,-0.4731343167001575
1772937482.3671784,-0.29602282339767355
1772937482.3671877,0.7086668297744898
1772937482.3671966,1.6940270083080982
1772937482.3672059,1.9692019799891218
1772937482.3672144,1.5846897336449945
1772937482.3672233,1.1487057209426972
1772937482.367232,1.1089034020026558
1772937482.3672411,1.3015354430726107
1772937482.3672504,1.2318849430920822
1772937482.3672657,0.7051046410542995
1772937482.3672807,0.0604971974531997
1772937482.3672967,-0.22356627857303135
1772937482.367306,-0.04152762094554669
1772937482.367315,0.30666144977216675
1772937482.3673236,0.5282293078109247
1772937482.3673327,0.6349819271107704
1772937482.3673425,0.7795404842590513
1772937482.367352,0.9165060438187805
1772937482.3673613,0.7889076864103413
1772937482.3673708,0.2767143725659412
1772937482.36738,-0.36629547227736353
1772937482.3673892,-0.7374994879825196
1772937482.3673985,-0.7239124755057074
1772937482.367407,-0.6153539608362756
1772937482.3674161,-0.7521035062608282
1772937482.3674252,-1.1419824546710844
1772937482.3674343,-1.5006809177093365
1772937482.367443,-1.6255304724842763
1772937482.367452,-1.61508566439377
1772937482.367461,-1.6855115938277185
1772937482.3674695,-1.8639043969770246
1772937482.3674786,-1.962303054422577
1772937482.367488,-1.8279614737158745
1772937482.367497,-1.5028412355849161
1772937482.367506,-1.0900404077115708
1772937482.3675148,-0.5615654659454347
1772937482.3675237,0.1724186102128689
1772937482.3675325,1.0051034590184496
1772937482.3675425,1.5788352129605647
1772937482.3675516,1.6029213659632866
1772937482.3675609,1.2030303700847864
1772937482.3675697,0.8505408152166808
1772937482.3675785,0.8969623234677758
1772937482.367587,1.2252463596102383
1772937482.3675964,1.408348410615533
1772937482.367605,1.1745502266068242
1772937482.3676257,0.6429402107509001
1772937482.3676343,0.10526694728590906
1772937482.367643,-0.3231263051748275
1772937482.3676517,-0.7538744381580308
1772937482.3676603,-1.2676015927674844
1772937482.367669,-1.7191061044803733
1772937482.367678,-1.8581929896835108
1772937482.3676867,-1.5992008621586404
1772937482.3676956,-1.1035609005201477
1772937482.3677042,-0.6008376948102816
1772937482.3677127,-0.1900652697286862
1772937482.8465855,-0.022500394930801863
1772937482.8466218,-0.19652869535201006
1772937482.8466442,-1.3611075696447947
1772937482.8466675,-2.7611842163459115
1772937482.846691,-3.3657167917725874
1772937482.8467107,-2.814223053575511
1772937482.8467305,-1.7283313176927846
1772937482.8467503,-1.0737403250897313
1772937482.84677,-1.2747868577288923
1772937482.8467836,-1.9817367836032591
1772937482.8467968,-2.5996335055542774
1772937482.8468077,-2.8831999514388134
1772937482.8468165,-2.982685403610924
1772937482.8468256,-3.0679899662432337
1772937482.846835,-3.102759029178982
1772937482.8468437,-3.01398645938048
1772937482.8468528,-2.927615444650694
1772937482.8468616,-3.0764641442945715
1772937482.846871,-3.466293866166409
1772937482.8468795,-3.7468180689579924
1772937482.8468883,-3.5093795708617446
1772937482.846897,-2.7161659302938927
1772937482.846906,-1.794928693427049
1772937482.8469148,-1.2946084090585728
1772937482.8469236,-1.4497036909588004
1772937482.8469322,-2.050785255762617
1772937482.8469408,-2.6739857279506247
1772937482.8469496,-3.0001258604740233
1772937482.8469584,-2.957759476293028
1772937482.8469672,-2.6583460170494235
1772937482.8469758,-2.26562377373398
1772937482.8469849,-1.9183394918928267
1772937482.8469932,-1.7079933014432427
1772937482.847002,-1.6585340855693995
1772937482.8470109,-1.6989027823415863
1772937482.8470197,-1.6780094890942954
1772937482.8470285,-1.4571342368847795
1772937482.8470368,-1.0282701581170375
1772937482.8470454,-0.5421553345680984
1772937482.8470547,-0.1842733963393812
1772937482.847064,0.007207502603318062
1772937482.8470724,0.1899604374032088
1772937482.8470812,0.5481748181147794
1772937482.8470898,1.0627979104455512
1772937482.8470984,1.4839174668090502
1772937482.8471067,1.5686209631467438
1772937482.8471155,1.3352027499375632
1772937482.847124,1.0385683449554282
1772937482.8471327,0.8899274702727049
1772937482.8471415,0.8597536447579477
1772937482.84715,0.8040275856437163
1772937482.8471587,0.7321908240901046
1772937482.8471673,0.8304513200682518
1772937482.8471758,1.171899065970907
1772937482.8471844,1.5042973456779325
1772937482.847193,1.4750297273842998
1772937482.8472016,1.092050191097727
1772937482.8472102,0.8274804056822402
1772937482.8472185,1.1265740844849426
1772937482.847227,1.8373131301564345
1772937482.847236,2.2808337717135294
1772937482.8472445,1.983919386181754
1772937482.847253,1.2686976744012997
1772937482.847262,0.9734308353053657
1772937482.8472705,1.5545427717360703
1772937482.8472793,2.5689067556116965
1772937482.847288,3.139178492565479
1772937482.8472965,2.8915404056430045
1772937482.8473058,2.3222824830828173
1772937482.8473146,2.216500054777539
1772937482.847323,2.811996346302548
1772937482.8473315,3.630674131318393
1772937482.8473403,4.077694018889961
1772937482.8473492,4.053766556301773
1772937482.8473577,3.9155870090132656
1772937482.8473663,3.949902761966588
1772937482.8473752,4.054476229982809
1772937482.8473837,3.967335241034537
1772937482.8473923,3.677098765209038
1772937482.847401,3.468469398080335
1772937482.8474095,3.563882539610555
1772937482.847418,3.8321433193578867
1772937482.847427,3.931641712321377
1772937482.8474352,3.716160419965392
1772937482.847444,3.4290045413749612
1772937482.8474529,3.4725552724572717
1772937482.8474612,4.012676265861969
1772937482.8474698,4.821172718436104
1772937482.8474784,5.473123263872754
1772937482.847487,5.6668646442409285
1772937482.8474958,5.378144711950976
1772937482.8475049,4.7794197223467
1772937482.8475134,4.072824979561071
1772937482.847522,3.402570045430102
1772937482.8475308,2.871980425654465
1772937482.8475397,2.5673940434059
1772937482.8475482,2.5067589343923418
1772937482.8475575,2.5578477168318194
1772937482.8475668,2.4646185254635937
1772937482.8475752,2.046656264769513
1772937482.847584,1.4281961173573974
1772937482.8475924,1.0326977346471842
1772937482.847601,1.2465853238273021
1772937482.8476095,2.011636129184945
1772937482.8476183,2.7684602321950487
1772937482.8476267,2.8874664218009767
1772937482.8476355,2.2219858655104443
1772937482.847644,1.2437344566072444
1772937482.8476532,0.614162284727822
1772937482.8476615,0.6133421461948241
1772937482.8476703,0.9737959711349894
1772937482.847679,1.2212204972115195
1772937482.8476875,1.119025165163775
1772937482.847696,0.790670627673694
1772937482.8477046,0.5016467756452012
1772937482.8477132,0.4024520591588807
1772937482.8477216,0.4504136368484311
1772937482.84773,0.46647987860942103
1772937482.8477385,0.21554751073694742
1772937482.847747,-0.4777728772343787
1772937483.3260717,0.21233921646185605
1772937483.3261113,0.5633342791889449
1772937483.3261335,0.36987935067434746
1772937483.3261566,0.04804844002283391
1772937483.3261762,0.16060829297388898
1772937483.3261957,0.7515771433591281
1772937483.3262236,1.3221327251641348
1772937483.3262477,1.4092235308641141
1772937483.3262675,1.038421316066317
1772937483.3262908,0.5844871527885933
1772937483.3263056,0.33206127964645965
1772937483.326314,0.2831677867508233
1772937483.326322,0.30394188814933853
1772937483.326331,0.2783109592815159
1772937483.3263392,0.09576092609210878
1772937483.3263476,-0.3270009466639211
1772937483.3263576,-0.8549275188305291
1772937483.326366,-1.0473949610490279
1772937483.326374,-0.49093278275923824
1772937483.3263822,0.6799840881515027
1772937483.3263905,1.727177083250996
1772937483.3263984,1.9553196747515074
1772937483.326407,1.4278227816508373
1772937483.3264153,0.9078332983395532
1772937483.3264232,1.0178762360096756
1772937483.3264313,1.545653361274685
1772937483.3264391,1.6927108090011054
1772937483.3264475,0.9808465155608056
1772937483.3264554,-0.21348862209971925
1772937483.3264635,-1.0608687167196262
1772937483.3264713,-1.1054886052345438
1772937483.3264794,-0.603528547218504
1772937483.3264875,-0.11566813409813086
1772937483.3264956,0.07462737214411858
1772937483.3265035,0.09886397435194909
1772937483.326512,0.20782705445083274
1772937483.3265204,0.4937937226478082
1772937483.3265283,0.8890316655627357
1772937483.3265364,1.2909378837393837
1772937483.3265443,1.6048652241722343
1772937483.3265522,1.7363845637651931
1772937483.3265605,1.6554502696754811
1772937483.3265681,1.4743562992374726
1772937483.3265765,1.3756523992402827
1772937483.3265843,1.417963904818305
1772937483.3265927,1.4617957247489652
1772937483.3266008,1.3377642262727425
1772937483.326609,1.0564691565967441
1772937483.3266168,0.7911417844671655
1772937483.3266249,0.665620038522635
1772937483.3266327,0.6318909426810285
1772937483.3266408,0.5706937713067656
1772937483.326649,0.4291035042506971
1772937483.3266568,0.19847114399089025
1772937483.3266652,-0.16352054263377808
1772937483.3266733,-0.645071717939363
1772937483.3266811,-1.0033785505965263
1772937483.3266892,-0.8456120003266435
1772937483.326697,-0.05144349034817168
1772937483.3267052,0.9214417370435993
1772937483.326713,1.3414781546106096
1772937483.3267212,0.9207006246435481
1772937483.326729,0.14871317177293042
1772937483.326737,-0.20923057116746982
1772937483.326746,0.08055428746286884
1772937483.3267543,0.5470140368100804
1772937483.3267627,0.6696304219036304
1772937483.3267705,0.5422193375721444
1772937483.3267787,0.72264225684042
1772937483.3267865,1.4760890165484026
1772937483.3267944,2.378286348689176
1772937483.3268025,2.7711407435412436
1772937483.3268104,2.482788542793579
1772937483.3268185,1.9265825809075943
1772937483.3268268,1.5227817446313339
1772937483.326835,1.2272059005697915
1772937483.3268428,0.7309853282676626
1772937483.3268511,-0.021339410863097045
1772937483.3268597,-0.7160189041024926
1772937483.3268676,-1.0632150443915007
1772937483.3268757,-1.1151403345066098
1772937483.3268838,-1.098226172429846
1772937483.3268917,-1.0719025922251781
1772937483.3269,-0.9359778914013852
1772937483.326908,-0.7269002097481283
1772937483.3269162,-0.6662766475351122
1772937483.326924,-0.8029597243329404
1772937483.3269322,-0.7917708291387828
1772937483.3269403,-0.2846247834517034
1772937483.326948,0.46497624124144804
1772937483.326956,0.6580968767307687
1772937483.326964,-0.19414907377850726
1772937483.326972,-1.5814930865817498
1772937483.3269804,-2.4049059743571704
1772937483.3269887,-2.125769119664117
1772937483.3269966,-1.3228763759878797
1772937483.3270047,-0.9801115129118432
1772937483.3270128,-1.3611032167701897
1772937483.327021,-1.8190209513762734
1772937483.3270285,-1.706344063541531
1772937483.3270369,-1.1938890780529883
1772937483.3270445,-0.993745810621046
1772937483.3270524,-1.4204349753219696
1772937483.3270607,-2.033077685167356
1772937483.3270688,-2.270646857385007
1772937483.3270764,-2.1768831255834136
1772937483.3270843,-2.252644912849898
1772937483.327093,-2.6920413882178935
1772937483.3271005,-3.080440931796566
1772937483.3271084,-2.9656953389163774
1772937483.3271165,-2.4987039729683618
1772937483.3271244,-2.2424121759875324
1772937483.3271325,-2.3968451726169913
1772937483.3271403,-2.507899613335368
1772937483.3271487,-2.088583745658915
1772937483.3271563,-1.3355467286674392
1772937483.3271642,-0.9601104706865327
1772937483.3271725,-1.314947571801694
1772937483.3271804,-1.9435496541828872
1772937483.3271883,-2.1444057412345585
1772937483.8078794,-2.427825963494659
1772937483.8079207,-1.9588877547596883
1772937483.8079536,-1.4752277239227083
1772937483.807979,-1.436165487231016
1772937483.808006,-1.6771016930917362
1772937483.808033,-1.7034323007118053
1772937483.8080595,-1.3062914495333307
1772937483.8080862,-0.761260498854854
1772937483.8081126,-0.4758091852228702
1772937483.8081393,-0.5902247678127377
1772937483.8081656,-0.948806503578631
1772937483.808192,-1.314131679332782
1772937483.8082004,-1.4856220319890168
1772937483.8082085,-1.2914191330163924
1772937483.8082168,-0.6737805154297976
1772937483.808225,0.13141089911556855
1772937483.8082328,0.6380703535024527
1772937483.808241,0.522188741084987
1772937483.8082492,0.016733515338695895
1772937483.808257,-0.23792294887485388
1772937483.8082654,0.1614399417500466
1772937483.8082736,0.9299253709446054
1772937483.808282,1.3783848969857613
1772937483.80829,1.1381770379917835
1772937483.808298,0.5094215757197329
1772937483.8083065,0.06035051382846279
1772937483.8083146,-0.015863705013861307
1772937483.8083236,-0.03424241755115554
1772937483.8083313,-0.34282459572799917
1772937483.8083394,-0.8609966047127618
1772937483.8083472,-1.177553690043028
1772937483.808356,-1.0445431241774903
1772937483.8083644,-0.6617395478659849
1772937483.8083725,-0.4577566072094779
1772937483.8083804,-0.6706143123037316
1772937483.8083885,-1.1846131173995686
1772937483.8083963,-1.7095975190207733
1772937483.8084044,-2.0330391554156595
1772937483.8084123,-2.117710668174899
1772937483.8084207,-2.0621946632324604
1772937483.8084285,-2.0219105214081883
1772937483.8084366,-2.1019521441211904
1772937483.8084445,-2.235062834126621
1772937483.8084526,-2.175361616042996
1772937483.8084607,-1.7083718163729955
1772937483.8084688,-0.916731442743404
1772937483.8084767,-0.18267453704614878
1772937483.8084848,0.1403578283543468
1772937483.808493,0.03751838196891777
1772937483.8085008,-0.2470795926536821
1772937483.8085086,-0.5727010204750529
1772937483.8085167,-1.0568378976416977
1772937483.8085246,-1.7901690847042033
1772937483.8085325,-2.4942594353444183
1772937483.8085403,-2.6551458859244454
1772937483.8085485,-2.0789610343143248
1772937483.8085568,-1.209227339168107
1772937483.808565,-0.7464698112552443
1772937483.8085728,-0.94140086148667
1772937483.8085809,-1.3640464398430103
1772937483.808589,-1.4072452157565734
1772937483.808597,-0.9188782890721027
1772937483.8086047,-0.2489385003939209
1772937483.8086133,0.240904845885181
1772937483.8086212,0.5218320394839975
1772937483.8086295,0.7049476000369698
1772937483.8086374,0.6995523047864087
1772937483.8086452,0.30052458616485683
1772937483.808653,-0.37779510243744124
1772937483.8086612,-0.788433879061383
1772937483.808669,-0.4732252167509039
1772937483.8086774,0.34986949322690114
1772937483.8086855,0.9196638172434852
1772937483.8086936,0.7360380709732046
1772937483.8087015,0.1128215347597561
1772937483.8087096,-0.20418795931921638
1772937483.8087175,0.08468142369123074
1772937483.8087258,0.5149711406854658
1772937483.8087342,0.4727184392062976
1772937483.8087423,-0.034412611714840356
1772937483.8087504,-0.40406598100137026
1772937483.8087585,-0.20803470411081837
1772937483.8087661,0.27599338203297985
1772937483.8087745,0.42977843391479165
1772937483.8087823,0.07890287350575136
1772937483.808791,-0.2952931267501287
1772937483.808799,-0.1679594297087305
1772937483.8088071,0.37532334448558763
1772937483.8088152,0.7534643125973919
1772937483.808824,0.6048177595854316
1772937483.8088324,0.20280237698051826
1772937483.8088405,0.08632714877605202
1772937483.8088484,0.40731181289462504
1772937483.808856,0.8049149325195961
1772937483.808864,0.9041475268281572
1772937483.8088725,0.7588049515512008
1772937483.8088803,0.692914122369359
1772937483.8088882,0.81041659729898
1772937483.808896,0.8575850392292327
1772937483.8089037,0.6224473423585215
1772937483.8089116,0.3248096510723772
1772937483.8089197,0.4482652662360506
1772937483.8089275,1.1859100413757793
1772937483.8089578,2.1786358940081807
1772937483.8089657,2.8716697717293593
1772937483.8089736,3.0574817665888974
1772937483.8089814,2.9655714099561785
1772937483.8089893,2.8425275529642096
1772937483.8089972,2.5899462410716634
1772937483.8090055,1.9220458742125717
1772937483.8090136,0.8310068275067176
1772937483.8090217,-0.23957911073088367
1772937483.8090296,-0.7497998152610786
1772937483.8090374,-0.5446163242447771
1772937483.809046,0.07183209337512785
1772937483.809054,0.6994938507603347
1772937483.809062,1.1827874805642054
1772937483.8090699,1.5687686789423583
1772937483.8090785,1.8374121259240528
1772937483.8090866,1.8194207758274494
1772937483.8090944,1.4229585632308144
1772937484.2886536,1.104876366026775
1772937484.2887113,0.20612058475744596
1772937484.2887373,-0.3333802716278489
1772937484.288764,-0.2602726430045579
1772937484.288792,0.302580072445815
1772937484.2888243,0.9637842873506326
1772937484.2888496,1.3128071742811493
1772937484.288876,1.154630110860957
1772937484.288903,0.6123752275621075
1772937484.2889297,0.03955885220136831
1772937484.288947,-0.21824687242928986
1772937484.2889557,-0.056018255945990005
1772937484.288964,0.3407674712749623
1772937484.288972,0.6647372893209085
1772937484.28898,0.7211950524498454
1772937484.2889884,0.5313469374716747
1772937484.2889967,0.24874734338090468
1772937484.289005,0.004886087289187117
1772937484.2890131,-0.1680818791898286
1772937484.2890213,-0.29606696460323895
1772937484.2890291,-0.3751582858644357
1772937484.2890375,-0.3324605899197948
1772937484.2890456,-0.07629431785275653
1772937484.2890544,0.3993471273734428
1772937484.2890625,0.945690104340039
1772937484.289071,1.3105994549522855
1772937484.2890885,1.3059720087181754
1772937484.2891004,0.9622377616235481
1772937484.2891085,0.5144052339683454
1772937484.2891166,0.2066889512888666
1772937484.2891245,0.09240214223789729
1772937484.2891333,0.025227612468196072
1772937484.2891412,-0.15905060763331472
1772937484.2891493,-0.46915352100477503
1772937484.2891574,-0.761369371793382
1772937484.2891655,-0.8768277141263982
1772937484.2891731,-0.7473926988428291
1772937484.2891812,-0.40009346852479893
1772937484.289189,0.06651890019114398
1772937484.2891972,0.48390180142041245
1772937484.2892053,0.6678784979590783
1772937484.289213,0.5785104253787269
1772937484.2892208,0.43868516204293906
1772937484.289229,0.5897404630882329
1772937484.2892373,1.128573854434295
1772937484.2892456,1.712114468888451
1772937484.2892537,1.840390892471825
1772937484.2892616,1.399693123713154
1772937484.2892694,0.860679704496971
1772937484.2892773,0.8309026973169932
1772937484.2892854,1.3961485710226502
1772937484.2892933,1.9876672182797352
1772937484.2893012,1.9580159708546554
1772937484.2893093,1.2425006473956703
1772937484.2893171,0.3831150337290177
1772937484.2893264,-0.0694616484511074
1772937484.2893348,-0.06630846202997816
1772937484.2893429,0.0547864325056454
1772937484.2893512,0.06513910536964931
1772937484.289359,0.0715872788503428
1772937484.2893689,0.2572616820968909
1772937484.289382,0.5707354288656307
1772937484.2893944,0.8066837084980079
1772937484.289407,0.9254335489918448
1772937484.2894156,1.107563882568774
1772937484.2894232,1.4276261864380981
1772937484.2894313,1.6164890732061186
1772937484.2894397,1.320899667184073
1772937484.2894478,0.5890384321805779
1772937484.289456,-0.07474155224901957
1772937484.289464,-0.24977781039786373
1772937484.2894719,-0.10847206358351513
1772937484.2894795,-0.23048504006509984
1772937484.2894876,-0.8932804607117412
1772937484.2894957,-1.6940214827053088
1772937484.2895036,-1.9905834906384234
1772937484.2895117,-1.6458345500011642
1772937484.2895195,-1.1691376504652662
1772937484.2895277,-1.0825028147545346
1772937484.289536,-1.2963131075431094
1772937484.289544,-1.265765726970422
1772937484.289552,-0.7269856513021058
1772937484.28956,-0.09094048168263862
1772937484.289568,0.0035813963332327605
1772937484.2895768,-0.5585222504817505
1772937484.2895849,-1.2184457686431345
1772937484.2895927,-1.3676644821467603
1772937484.289601,-1.0004315086944224
1772937484.289609,-0.6485827870342854
1772937484.2896168,-0.725463810101877
1772937484.2896247,-1.0714120860506053
1772937484.289636,-1.1919768324300992
1772937484.2896488,-0.8467664139937151
1772937484.2896616,-0.2936173597937169
1772937484.2896712,0.03340534674903336
1772937484.2896805,-0.020418232977124036
1772937484.2896936,-0.24443786007885263
1772937484.2897065,-0.35522496712667717
1772937484.2897189,-0.2754946396952578
1772937484.2897315,-0.12488348829613981
1772937484.2897444,-0.030392398156312454
1772937484.2897525,-0.012481774755961964
1772937484.2897604,-0.01810030138874055
1772937484.2897687,0.01859583381604918
1772937484.2897768,0.1620626343732983
1772937484.2897851,0.44499948843025744
1772937484.2897935,0.7835696925148663
1772937484.2898016,0.9512968537921446
1772937484.2898097,0.7348250653702219
1772937484.2898176,0.17611456936743622
1772937484.2898257,-0.3754846485952924
1772937484.2898335,-0.5357195433140781
1772937484.2898417,-0.2551169516638325
1772937484.2898505,0.10378342081875713
1772937484.2898588,0.0998359171873211
1772937484.289867,-0.3636724373830809
1772937484.2898753,-0.9640174155570395
1772937484.2898831,-1.3109185077430237
1772937484.2898915,-1.3474900624853623
1772937484.289899,-1.3683522267355481
1772937484.7681997,-0.7520873073617976
1772937484.7682498,-0.26183781596268535
1772937484.7682729,-0.03775387645181184
1772937484.768296,0.19078397030932262
1772937484.768319,0.7400277580006575
1772937484.7683384,1.586725419327631
1772937484.7683587,2.352310868600831
1772937484.7683794,2.6711758432226307
1772937484.7684035,2.5247230198171384
1772937484.7684205,2.1809119977479523
1772937484.768434,1.8543224556960942
1772937484.7684507,1.5132733123136046
1772937484.7684646,1.0389741491001188
1772937484.768478,0.48771911869580137
1772937484.7684865,0.09885780315677425
1772937484.768495,0.043901690535773814
1772937484.768504,0.2475627822616537
1772937484.768516,0.4982483219223275
1772937484.7685304,0.6783547041137004
1772937484.7685452,0.8097929660161166
1772937484.7685547,0.8919883857096179
1772937484.7685635,0.8028923245262016
1772937484.7685776,0.4312810939911235
1772937484.768588,-0.13799909297612767
1772937484.768597,-0.6610870204775512
1772937484.768606,-0.9716510698164103
1772937484.7686145,-1.1138337612409372
1772937484.7686236,-1.2051680402031613
1772937484.7686324,-1.2362980449313796
1772937484.7686412,-1.10063845751113
1772937484.76865,-0.8113686508411785
1772937484.7686589,-0.5708220920873323
1772937484.7686677,-0.5418933230941421
1772937484.7686918,-0.6081588079857304
1772937484.7687008,-0.48510948823420835
1772937484.76871,-0.09960363876495697
1772937484.7687185,0.2449742835784381
1772937484.7687333,0.18566927867703942
1772937484.768747,-0.24296424641415967
1772937484.7687583,-0.5794007815300838
1772937484.768767,-0.40946186428222564
1772937484.7687757,0.2007657783009119
1772937484.7687848,0.8214929630089054
1772937484.768794,1.1654718481536157
1772937484.768803,1.3574056129907868
1772937484.7688117,1.6587540900798796
1772937484.76882,2.0341942514848452
1772937484.7688289,2.1347745207911935
1772937484.768838,1.727795599753755
1772937484.7688468,1.0277131503035788
1772937484.768855,0.5023016399130775
1772937484.768865,0.377813364225652
1772937484.768874,0.4254276542078085
1772937484.7688828,0.25454619602070305
1772937484.7688913,-0.25772173323333414
1772937484.7689004,-0.8777161531256868
1772937484.7689092,-1.2916558564825071
1772937484.768918,-1.3721373162007644
1772937484.7689266,-1.1742600294785577
1772937484.768936,-0.7905329620200623
1772937484.7689445,-0.313940495169614
1772937484.7689528,0.09500860958009219
1772937484.768962,0.24673536565352827
1772937484.7689705,0.11576266000696052
1772937484.7689795,-0.0527105139526048
1772937484.7689888,0.06273907259989227
1772937484.7689977,0.5142861722760208
1772937484.7690065,0.977121939368519
1772937484.7690153,1.0418677591409433
1772937484.7690237,0.6210993706630344
1772937484.7690322,0.04483173557725647
1772937484.7690408,-0.24794384176193857
1772937484.7690494,-0.1002358303176116
1772937484.7690578,0.2574400960688863
1772937484.7690663,0.4372082986005692
1772937484.7690752,0.2105151101886995
1772937484.7690835,-0.34316590279599596
1772937484.7690923,-0.9131028444930293
1772937484.7691011,-1.1615213140825986
1772937484.7691102,-0.9290867166207634
1772937484.7691193,-0.33751340169430716
1772937484.7691283,0.28180942127556763
1772937484.769137,0.6120142541455376
1772937484.769146,0.5730711856298732
1772937484.7691553,0.35636716541056784
1772937484.7691638,0.24250405105038914
1772937484.769173,0.3777684889928772
1772937484.7691813,0.7063742329263637
1772937484.76919,1.0700809068834023
1772937484.769199,1.3239443263995996
1772937484.7692072,1.3658729532838843
1772937484.769216,1.1379031203889918
1772937484.7692244,0.68420285003233
1772937484.7692332,0.20609707428098012
1772937484.7692416,-0.029650049263339157
1772937484.7692504,0.07767500442219546
1772937484.769259,0.3215631831125509
1772937484.7692676,0.3446172053164413
1772937484.769277,-0.010812215851375697
1772937484.7692912,-0.5150616966808509
1772937484.7693055,-0.7523091154379843
1772937484.7693193,-0.5272551382600227
1772937484.7693284,-0.05986005467244786
1772937484.7693372,0.23605718684795182
1772937484.7693458,0.16108609740129645
1772937484.7693546,-0.08984850235386785
1772937484.7693632,-0.1448954072677086
1772937484.7693725,0.16067573221253667
1772937484.7693813,0.6081699788860765
1772937484.7693903,0.7783822434607575
1772937484.7693994,0.4091134590355973
1772937484.769408,-0.38988453901674214
1772937484.7694168,-1.2283629475114104
1772937484.7694252,-1.7305940354960112
1772937484.7694335,-1.782283854399226
1772937484.769442,-1.5470842660397273
1772937484.7694507,-1.2774839169861885
1772937484.7694592,-1.1087609952031212
1772937484.769468,-1.0089431158128475
1772937484.7694764,-0.8877581100424786
1772937485.2481327,-0.3028342609787053
1772937485.248175,0.03314560744245705
1772937485.2482014,-0.053486761527408166
1772937485.2482283,-0.4460443025532302
1772937485.2482555,-0.7460516608733632
1772937485.2482824,-0.7033887579237738
1772937485.2483091,-0.44135538488659726
1772937485.2483356,-0.26293500164921274
1772937485.2483623,-0.29512075089534595
1772937485.2483888,-0.3604380771379115
1772937485.248417,-0.17542024016316532
1772937485.2484448,0.35921317216692944
1772937485.2484572,1.0518688648142043
1772937485.2484703,1.556499580814036
1772937485.2484815,1.6108374555448772
1772937485.24849,1.2052210484625663
1772937485.2485018,0.5938649427552095
1772937485.24851,0.1500270998367562
1772937485.2485237,0.13825172084218287
1772937485.2485344,0.53528159118733
1772937485.2485428,1.0303872010343005
1772937485.248551,1.2307768200428932
1772937485.2485592,0.942623260767802
1772937485.248567,0.32302593469670876
1772937485.2485752,-0.22200099164599518
1772937485.2485876,-0.33728323497217977
1772937485.2485998,-0.005570086723062559
1772937485.2486112,0.40612136507218155
1772937485.2486224,0.41416718478770514
1772937485.2486331,-0.1801096339422476
1772937485.2486444,-1.0949723549409758
1772937485.2486577,-1.7916243389956312
1772937485.2486691,-1.9493038080255347
1772937485.2486804,-1.7361332537807834
1772937485.2486913,-1.57695232542794
1772937485.2487025,-1.6426303551699517
1772937485.2487144,-1.6280116791437695
1772937485.248727,-1.1071246254125966
1772937485.2487416,-0.0984737052423925
1772937485.248763,0.8149619284506097
1772937485.2487772,0.9988647983798089
1772937485.2487917,0.37650617791582824
1772937485.2488017,-0.5320380189082675
1772937485.2488103,-1.1582515666728368
1772937485.248819,-1.3756704371243618
1772937485.2488277,-1.4049939306147274
1772937485.2488365,-1.3492748075449341
1772937485.2488463,-1.0121763446114596
1772937485.2488556,-0.24282626089842177
1772937485.248864,0.6698868989904834
1772937485.2488725,1.1285208723542401
1772937485.2488813,0.7975520243289268
1772937485.24889,-0.05132919214891572
1772937485.2488985,-0.8356950056632609
1772937485.248907,-1.2506960369618527
1772937485.2489176,-1.473641983954775
1772937485.2489316,-1.809993740722543
1772937485.2489448,-2.275030065787178
1772937485.2489579,-2.612946663705233
1772937485.2489712,-2.652956519934705
1772937485.24898,-2.501351976626499
1772937485.2489889,-2.352576647606162
1772937485.2489977,-2.2301695299446047
1772937485.2490065,-2.020845108903095
1772937485.2490153,-1.7157644485438286
1772937485.2490242,-1.4785759670759504
1772937485.249033,-1.4268163542566075
1772937485.2490416,-1.445683336130089
1772937485.2490504,-1.3244245338240075
1772937485.2490587,-1.0447777667340692
1772937485.2490673,-0.8092139781814864
1772937485.249076,-0.738178138633755
1772937485.2490845,-0.641131322667282
1772937485.249093,-0.21130952693694918
1772937485.2491016,0.5549536350233223
1772937485.2491105,1.24015769916442
1772937485.24912,1.3715494564339317
1772937485.2491288,0.8673495029336147
1772937485.2491376,0.07364265403273976
1772937485.2491465,-0.5946179436902564
1772937485.2491548,-0.9622971753297895
1772937485.2491663,-1.0641786489043183
1772937485.24918,-0.9573500628902364
1772937485.249195,-0.68902548863073
1772937485.2492087,-0.4050139775633358
1772937485.2492228,-0.3239647940845138
1772937485.2492316,-0.5092149164917272
1772937485.2492404,-0.7379201439188294
1772937485.249249,-0.723468147784
1772937485.2492573,-0.4866875391125959
1772937485.249266,-0.4086740771612507
1772937485.2492745,-0.8368890784682933
1772937485.2492833,-1.6671627310839046
1772937485.249292,-2.3860572462315166
1772937485.2493005,-2.5355865418212358
1772937485.2493093,-2.096070955964392
1772937485.2493176,-1.4219794796492478
1772937485.249326,-0.8869578855599942
1772937485.2493348,-0.6437123037666441
1772937485.2493432,-0.6531115516390437
1772937485.2493517,-0.8031220422187352
1772937485.2493603,-0.9487934415425004
1772937485.249369,-0.9343943960925056
1772937485.2493775,-0.6997774603120039
1772937485.249386,-0.37333959530318084
1772937485.2493956,-0.17549971316598856
1772937485.2494047,-0.18836870561541058
1772937485.249413,-0.27260947230895116
1772937485.249422,-0.25902693758469564
1772937485.2494307,-0.1715344609584213
1772937485.2494397,-0.17336083281784836
1772937485.2494483,-0.3054914163282998
1772937485.249457,-0.39911904946400645
1772937485.2494652,-0.3213082913682243
1772937485.2494738,-0.22191514994491907
1772937485.2494824,-0.38772392448572546
1772937485.2494907,-0.831133405559429
1772937485.249499,-1.1641118884924062
1772937485.249508,-1.0020366539063459
1772937485.2495165,-0.43909293623445944
1772937485.6092484,-0.31428499707000745
1772937485.6092896,-0.2537499222097629
1772937485.6093166,-0.2524669039393212
1772937485.609343,-0.054228389463840385
1772937485.6093698,0.32758462124766013
1772937485.6093965,0.5862521977026437
1772937485.6094232,0.531522742982832
1772937485.6094496,0.3724476903977526
1772937485.609468,0.4472582372079708
1772937485.6094763,0.7284252360178152
1772937485.609485,0.7912876045521391
1772937485.6094947,0.35847246009089373
1772937485.6095033,-0.26324635917858985
1772937485.6095111,-0.4717348458403406
1772937485.6095262,-0.08758164824391174
1772937485.6095364,0.39360076336329897
1772937485.6095452,0.37076561295080696
1772937485.609553,-0.15108601580889494
1772937485.6095614,-0.5924122620573296
1772937485.60957,-0.5352820989549975
1772937485.6095784,-0.23318054966382581
1772937485.6095867,-0.24770805946004829
1772937485.6095953,-0.6766748257969498
1772937485.6096032,-0.962910782529025
1772937485.6096113,-0.5425150558682781
1772937485.6096191,0.4647952444725178
1772937485.609627,1.369086097503173
1772937485.609635,1.6729983317215322
1772937485.609643,1.5533429834073764
1772937485.609651,1.5254781024457345
1772937485.6096592,1.7705651789233559
1772937485.6096673,1.9596753167539291
1772937485.6096752,1.7232788686722866
1772937485.6096835,1.122806012500571
1772937485.6096911,0.5600336337685087
1772937485.6096995,0.311786021083907
1772937485.6097074,0.2930079995508153
1772937485.6097155,0.26540740919601646
1772937485.6097236,0.12652512928289447
1772937485.6097317,-0.09204052180398566
1772937485.6097395,-0.4044943003267409
1772937485.6097476,-0.8756818287329634
1772937485.6097555,-1.4198227989969876
1772937485.6097646,-1.7361175678401017
1772937485.6097727,-1.5751233609844326
1772937485.6097813,-1.0479117311021775
1772937485.6097894,-0.5647497918687885
1772937485.6097977,-0.43451608933468455
1772937485.6098058,-0.5909488179305318
1772937485.6098137,-0.7513356266367831
1772937485.609822,-0.7685493786870685
1772937485.60983,-0.7307761105159009
1772937485.6098382,-0.7469761721550462
1772937485.6098464,-0.7807960747813423
1772937485.6098545,-0.7781677623735368
1772937485.6098626,-0.8623791309165363
1772937485.6098704,-1.2363668755224166
1772937485.6098783,-1.855222681901626
1772937485.6098864,-2.32798629785586
1772937485.6098945,-2.279716450569365
1772937485.6099024,-1.7944979609972034
1772937485.6099105,-1.3772047451815737
1772937485.6099184,-1.4187437825066835
1772937485.6099265,-1.7709800527187523
1772937485.6099343,-1.9340385506474809
1772937485.6099424,-1.6287640705037392
1772937485.6099503,-1.0713195265424333
1772937485.6099584,-0.6515364881250255
1772937485.6099665,-0.4529129975404692
1772937485.6099741,-0.21822247450251483
1772937485.6099823,0.22808006170296904
1772937485.6099901,0.6735682246275743
1772937485.6099987,0.7395507165324263
1772937485.6100068,0.3568197402134556
1772937485.610015,-0.11195344418873356
1772937485.6100228,-0.2737537477168733
1772937485.610031,-0.1479657181868651
1772937485.6100388,-0.11210600954992231
1772937485.6100469,-0.41683258447135024
1772937485.6100547,-0.8549967616930381
1772937485.6100628,-0.9788605172184103
1772937485.6100707,-0.6055115518064051
1772937485.6100788,-0.01974183766911892
1772937485.6100872,0.34941193643649643
1772937485.610095,0.39250237974511176
1772937485.610103,0.3964652128235639
1772937485.6101112,0.6700606063640131
1772937485.610119,1.1647215561101958
1772937485.6253538,1.5205934781218995
1772937486.099317,1.4113829141208345
1772937486.0993588,1.599032661226087
1772937486.099382,1.3183905979634172
1772937486.099406,1.0045332308788513
1772937486.0994356,1.0021243016977677
1772937486.0994668,1.3005141555497868
1772937486.099491,1.6644491250564366
1772937486.0995202,1.9462382040760144
1772937486.0995305,2.2009511811677878
1772937486.0995395,2.506077315046299
1772937486.099548,2.761396311539937
1772937486.099558,2.7618019280323596
1772937486.0995781,2.4781031122484296
1772937486.099593,2.190790800162502
1772937486.099602,2.2687008878192128
1772937486.0996196,2.8059353741879494
1772937486.099629,3.516336846515075
1772937486.099638,3.9997025369448327
1772937486.0996468,4.075596622664674
1772937486.099656,3.832049447863019
1772937486.099665,3.4039207404295815
1772937486.0996745,2.8117224688878895
1772937486.0996835,2.0647282751618445
1772937486.0996928,1.343610134004804
1772937486.099702,0.9484697631466161
1772937486.0997107,1.0119997186149416
1772937486.0997198,1.3292447965114598
1772937486.0997283,1.5627507596522947
1772937486.0997372,1.6219228708306206
1772937486.0997455,1.7605540148969483
1772937486.0997548,2.241291240941422
1772937486.0997655,2.94435965819297
1772937486.0997777,3.405743451966012
1772937486.0997903,3.292661234562326
1772937486.0998032,2.8016960240512154
1772937486.0998163,2.5137979828166563
1772937486.0998292,2.8233059502058033
1772937486.0998383,3.5246013583815
1772937486.0998473,3.977445862288162
1772937486.099856,3.6751666034653883
1772937486.0998647,2.65812428985868
1772937486.0998745,1.4182061978215799
1772937486.0998836,0.4568056494228272
1772937486.0998926,-0.060845046303936105
1772937486.0999017,-0.29311006106544896
1772937486.0999105,-0.4648995583271657
1772937486.0999193,-0.6565960420116556
1772937486.099928,-0.7997569119781938
1772937486.0999372,-0.8117617884839718
1772937486.099946,-0.7085199114207451
1772937486.0999544,-0.60917741679366
1772937486.0999632,-0.6589492103773679
1772937486.099972,-0.9360316073301185
1772937486.099984,-1.3845018474580797
1772937486.1000018,-1.7954341109225453
1772937486.100016,-1.8661228288934035
1772937486.1000285,-1.3549313436231523
1772937486.1000395,-0.2737773721058275
1772937486.1000512,1.0311162215171565
1772937486.1000621,2.04360957577012
1772937486.1000736,2.4352613037509014
1772937486.1000853,2.3382663389018963
1772937486.1000967,2.2429652122582544
1772937486.1001077,2.537165205568612
1772937486.100119,3.091202156560966
1772937486.100132,3.3348459694002095
1772937486.1001449,2.827959550030349
1772937486.1001568,1.7903696247596022
1772937486.100169,1.017191783927157
1772937486.1001828,1.189573644793708
1772937486.1002004,2.230512802760065
1772937486.100211,3.3523527123395107
1772937486.10022,3.756402803629556
1772937486.100229,3.292343629311649
1772937486.1002436,2.464323751671851
1772937486.100257,1.8738462527283395
1772937486.1002717,1.727864707574092
1772937486.1002858,1.8545703742704085
1772937486.100301,2.0508109408959525
1772937486.100315,2.2809882422925924
1772937486.100326,2.552862441929639
1772937486.1003356,2.7483009674261623
1772937486.1003454,2.701203806454434
1772937486.1003544,2.422611799825138
1772937486.1003635,2.136159107411162
1772937486.1003735,2.0327410745412187
1772937486.1003828,2.045838928661597
1772937486.1003935,1.9482840249018687
1772937486.1004028,1.660269332578772
1772937486.1004124,1.3744767230217858
1772937486.1004217,1.330808872030071
1772937486.1004312,1.5256746160814652
1772937486.1004412,1.7291973836794696
1772937486.1004505,1.785514521720827
1772937486.1004596,1.8007581774922479
1772937486.1004689,1.9671447209475106
1772937486.1004808,2.2510261202190045
1772937486.1004944,2.3659978896044724
1772937486.1005092,2.0976889378872072
1772937486.100522,1.5893124813753245
1772937486.1005363,1.2235717839529885
1772937486.1005511,1.2242410397605927
1772937486.1005616,1.4414089162412502
1772937486.1005704,1.5548951549689582
1772937486.1005793,1.4249400555438936
1772937486.1005907,1.1692518103040883
1772937486.1006052,0.9197337812320207
1772937486.1006205,0.6168508905259069
1772937486.1006312,0.120408174967239
1772937486.1006403,-0.5269618417560986
1772937486.100649,-1.0638581261247582
1772937486.100658,-1.2812940519417741
1772937486.100667,-1.252094175858332
1772937486.1006758,-1.1890334661883564
1772937486.1006851,-1.0823599414734235
1772937486.1006944,-0.6083012729526898
1772937486.1007037,0.47348021971574156
1772937486.1007123,1.8324492372700034
1772937486.1007216,2.608466003058672
1772937486.1007311,2.091237766045398
1772937486.5802848,0.7964274129745791
1772937486.5803325,-0.24531104597990908
1772937486.5803645,-1.0092851584878122
1772937486.5803947,-1.275394833878785
1772937486.5804217,-1.1943381133141737
1772937486.5804489,-1.0632086626994615
1772937486.5804756,-1.0307961738940346
1772937486.5805037,-1.004838728591761
1772937486.5805433,-0.8190302157301612
1772937486.5805724,-0.4581475712310656
1772937486.5805993,-0.09787445095495173
1772937486.580608,0.06978666578293695
1772937486.5806167,0.021969631465600343
1772937486.5806248,-0.09762751133876942
1772937486.5806348,-0.14459015702864736
1772937486.5806427,-0.10402628230681915
1772937486.5806508,-0.05665119480941553
1772937486.580659,-0.058171196160178906
1772937486.5806673,-0.08979528981749298
1772937486.5806751,-0.11432996522671465
1772937486.5806832,-0.13322124301012953
1772937486.580691,-0.16926336603447648
1772937486.5806997,-0.22921631014736363
1772937486.5807076,-0.3237812402603314
1772937486.5807157,-0.5049742536780173
1772937486.5807235,-0.8175330423359669
1772937486.5807314,-1.1824294454346427
1772937486.5807393,-1.3796560579525012
1772937486.5807471,-1.2262483541707683
1772937486.5807552,-0.7908833429557226
1772937486.5807633,-0.3795050536207377
1772937486.5807717,-0.260126619019578
1772937486.5807793,-0.4154386211342975
1772937486.5807872,-0.6019726314761407
1772937486.5807953,-0.630439474321666
1772937486.580803,-0.5141447281282049
1772937486.5808113,-0.3210504552568615
1772937486.58082,0.02080397337926884
1772937486.5808287,0.6344727949604431
1772937486.5808365,1.392171031375825
1772937486.5808444,1.8382714705197016
1772937486.5808525,1.5728086604901181
1772937486.5808601,0.7379630010458562
1772937486.5808682,0.012138633607087172
1772937486.580876,0.013590549125323264
1772937486.580884,0.7141345484287974
1772937486.5808918,1.5097916175208834
1772937486.5808997,1.8752414004623799
1772937486.580908,1.8653045312986134
1772937486.580916,1.912690350268941
1772937486.5809238,2.199735010780988
1772937486.580932,2.3740963932722066
1772937486.5809395,1.9555061591880007
1772937486.5809479,0.9544973082079828
1772937486.5809555,-0.027768166281339064
1772937486.5809636,-0.3499423838743866
1772937486.5809717,0.06622398192879586
1772937486.5809793,0.7043216838851115
1772937486.580988,0.9679113696400701
1772937486.5809958,0.6692818204079638
1772937486.5810037,0.052168921767684194
1772937486.5810115,-0.5361065671560682
1772937486.5810196,-0.9069921552228266
1772937486.5810275,-1.0302291211565473
1772937486.5810356,-0.9308818088208366
1772937486.5810435,-0.6827566410883444
1772937486.5810523,-0.4523661572103531
1772937486.5810606,-0.4225023263759313
1772937486.5810685,-0.6078055734565658
1772937486.5810764,-0.7950650069211268
1772937486.5810843,-0.7525989910256533
1772937486.581092,-0.5199149462979771
1772937486.5810997,-0.4294161306611379
1772937486.5811079,-0.7722062653240853
1772937486.581116,-1.4381702631187374
1772937486.5811267,-1.9473742916403438
1772937486.5811384,-1.901871924571492
1772937486.5811505,-1.41945236506623
1772937486.5811632,-1.0796035701741347
1772937486.5811727,-1.385031184525398
1772937486.5811815,-2.246128652695547
1772937486.5811896,-3.0037622396158414
1772937486.5811975,-2.9913240419184497
1772937486.5812056,-2.1126160582858047
1772937486.5812137,-0.9054978689188465
1772937486.5812216,-0.07080899366003268
1772937486.5812304,0.055406948652586496
1772937486.5812385,-0.38083099262972125
1772937486.5812469,-1.0443079943037492
1772937486.5812547,-1.717981787528954
1772937486.5812628,-2.318332142691555
1772937486.5812707,-2.7277374292664307
1772937486.5812786,-2.771734503842994
1772937486.5812864,-2.431876847247847
1772937486.5812943,-2.0086922271235164
1772937486.5813031,-1.9374969541529827
1772937486.5813117,-2.3693688629449845
1772937486.5813193,-2.970768153761632
1772937486.5813272,-3.216218798265116
1772937486.5813353,-2.9082639986127754
1772937486.5813432,-2.375613146086377
1772937486.5813513,-2.1264806790431097
1772937486.5813594,-2.3227478877010337
1772937486.5813673,-2.6336431366563304
1772937486.5813751,-2.6123745381637438
1772937486.5813832,-2.1825095286192777
1772937486.581391,-1.7246484466177863
1772937486.5813992,-1.6894503315965326
1772937486.5814073,-2.1399737647498798
1772937486.581415,-2.666491833379289
1772937486.5814228,-2.736875105793247
1772937486.581431,-2.1546404993488286
1772937486.5814388,-1.234643232542276
1772937486.581447,-0.5655285981040277
1772937486.581455,-0.559425541840144
1772937486.581463,-1.1489044873619112
1772937486.5814707,-1.876058468612835
1772937486.581479,-2.2991398358010255
1772937486.5814867,-2.3543401167311484
1772937486.5814948,-2.3295821795226526
1772937486.581503,-2.4789538181472057
1772937487.0607092,-1.6874359217066937
1772937487.06075,-2.007333588438328
1772937487.0607765,-1.8594855472615492
1772937487.0608096,-1.230620238979091
1772937487.0608351,-0.5844781354469281
1772937487.060862,-0.39925211647075026
1772937487.0608885,-0.6997026452950311
1772937487.0609152,-1.0985926276334443
1772937487.060942,-1.2632222816739134
1772937487.0609684,-1.241734261451498
1772937487.060995,-1.292197698905495
1772937487.0610218,-1.4800708060079915
1772937487.06103,-1.5726273183369641
1772937487.0610385,-1.3542422325920076
1772937487.0610461,-0.9418282398249075
1772937487.0610545,-0.6808078531939311
1772937487.0610626,-0.7351474330106561
1772937487.061071,-0.8746213726588415
1772937487.0610788,-0.7281251063846125
1772937487.061087,-0.2123533490255719
1772937487.0610948,0.3575240537704311
1772937487.061103,0.5903309484848563
1772937487.0611112,0.40251636377483546
1772937487.0611193,0.05635637217856265
1772937487.0611277,-0.1424507026574978
1772937487.061136,-0.12987621681987083
1772937487.0611444,-0.07051974204095973
1772937487.0611525,-0.12111766861539378
1772937487.06116,-0.25732314498263076
1772937487.061168,-0.3286945417461891
1772937487.0611763,-0.242976253156559
1772937487.0611844,-0.06649136783290362
1772937487.0611935,0.056465370766299657
1772937487.0612016,0.06760774057033724
1772937487.0612097,0.06264260933487129
1772937487.0612175,0.18196198303312242
1772937487.0612268,0.4298203544575491
1772937487.0612395,0.626083238422355
1772937487.0612524,0.5812570191979919
1772937487.0612657,0.33726085064760836
1772937487.0612752,0.1939710242087267
1772937487.061283,0.43191696183641154
1772937487.0612912,0.9906077779338561
1772937487.061299,1.4700249666953114
1772937487.0613072,1.5016397135264639
1772937487.0613153,1.1058873099259021
1772937487.0613232,0.6328353739871256
1772937487.0613313,0.34947667832384116
1772937487.0613391,0.16156149514655044
1772937487.0613475,-0.19275173876487214
1772937487.0613556,-0.7187617000339601
1772937487.0613637,-1.0568635312575383
1772937487.0613716,-0.8656148695953791
1772937487.0613797,-0.25713345895361467
1772937487.0613875,0.25163833680337805
1772937487.0613956,0.24740654104655094
1772937487.0614035,-0.17898931976571766
1772937487.0614114,-0.5749456785017949
1772937487.0614192,-0.6137997341075013
1772937487.061427,-0.3732355645162387
1772937487.061435,-0.16175218202816938
1772937487.061444,-0.18503646941056787
1772937487.0614526,-0.43735664418337616
1772937487.0614605,-0.8259486697673877
1772937487.0614688,-1.2581791037989267
1772937487.0614767,-1.591509650893155
1772937487.0614846,-1.6397483079513249
1772937487.0614927,-1.3610714352740496
1772937487.0615008,-1.0096164195348853
1772937487.061509,-0.9607207642370085
1772937487.0615165,-1.3171558953452678
1772937487.0615249,-1.7612276406640508
1772937487.061533,-1.8871061701457608
1772937487.0615413,-1.6494383478356582
1772937487.0615492,-1.3768335587022489
1772937487.0615573,-1.3263929105669359
1772937487.0615652,-1.3524388147081667
1772937487.0615733,-1.1320332183919295
1772937487.0615811,-0.6583190749434648
1772937487.061589,-0.32736047681542685
1772937487.0615969,-0.4489348686978092
1772937487.0616047,-0.788126436859505
1772937487.061613,-0.7684600775768934
1772937487.0616207,-0.15165646771179672
1772937487.0616288,0.6279350638485424
1772937487.0616367,0.914627471164012
1772937487.0616448,0.5504099625780625
1772937487.061653,0.005277091704146983
1772937487.0616612,-0.21948704383706547
1772937487.0616693,-0.16914785266563434
1772937487.061678,-0.2955289073865613
1772937487.0616865,-0.8034147978410318
1772937487.0616944,-1.312003791376811
1772937487.0617023,-1.2494328092945133
1772937487.06171,-0.4975159577178242
1772937487.0617185,0.4717129312925129
1772937487.061726,1.088610367792486
1772937487.0617342,1.210385377647076
1772937487.061742,1.1293861213725835
1772937487.06175,1.1727316031568844
1772937487.061758,1.406744912257725
1772937487.061766,1.6962737645560393
1772937487.0617738,1.8984970960477991
1772937487.061782,1.9166264250448934
1772937487.0617895,1.6611916134248466
1772937487.0617979,1.1209775211485045
1772937487.0618055,0.5073910348915802
1772937487.0618138,0.20390057223300145
1772937487.0618217,0.43897114682808425
1772937487.0618296,1.0034508552531043
1772937487.0618372,1.3828325153351049
1772937487.061845,1.2295367986928023
1772937487.0618527,0.6851758241528095
1772937487.0618608,0.20756286337562574
1772937487.061869,0.10550592889965156
1772937487.0618768,0.2837394398282036
1772937487.0618844,0.4194604523405316
1772937487.0618925,0.30605477833638545
1772937487.0619004,-0.016669927808430317
1772937487.061909,-0.4037447708055933
1772937487.541516,-1.8040869831056465
1772937487.5415587,-1.7025979650933378
1772937487.5415857,-0.8511090817146693
1772937487.541612,0.0010261760203813637
1772937487.5416389,0.19139639596443817
1772937487.5416954,-0.2632357832303215
1772937487.541722,-0.7979450058304365
1772937487.541748,-0.9436335673869611
1772937487.5417745,-0.753045116725142
1772937487.5418012,-0.604147784172377
1772937487.5418277,-0.7103819880763785
1772937487.541836,-0.9362537140419502
1772937487.541844,-1.0653852881000752
1772937487.5418522,-1.1081741859000775
1772937487.5418603,-1.2451834905658408
1772937487.5418687,-1.5095488255562304
1772937487.5418766,-1.6509640068735245
1772937487.5418856,-1.3885105816692587
1772937487.541894,-0.7693687344267175
1772937487.541902,-0.20784828614126383
1772937487.54191,-0.1348694539908991
1772937487.5419178,-0.6106157293237531
1772937487.5419257,-1.2791905411384488
1772937487.5419338,-1.6873260688417648
1772937487.541942,-1.6509789155577224
1772937487.5419497,-1.3486737796708963
1772937487.541958,-1.0967831727245563
1772937487.541966,-1.0376690517076308
1772937487.541978,-1.0249049872464293
1772937487.541988,-0.8032194640017079
1772937487.541996,-0.3113773066838586
1772937487.542004,0.19186281236386538
1772937487.5420125,0.3289171170333405
1772937487.5420203,-0.042357387119838
1772937487.5420284,-0.6794786090977282
1772937487.5420363,-1.1835938908329133
1772937487.542044,-1.376909119286851
1772937487.542052,-1.4243902627481977
1772937487.54206,-1.5741174200910732
1772937487.542071,-1.829500740025572
1772937487.5420835,-1.9452602428234569
1772937487.5420976,-1.7448710482009524
1772937487.5421064,-1.3588917640328475
1772937487.5421152,-1.0768522195116335
1772937487.542124,-0.986923593002247
1772937487.5421326,-0.8522890039774333
1772937487.5421412,-0.39249042608147305
1772937487.54215,0.3555478302783239
1772937487.5421584,1.0210290862384725
1772937487.5421672,1.2436306525710203
1772937487.5421755,0.990154588192781
1772937487.542184,0.5289145579262334
1772937487.5421927,0.16009982266656256
1772937487.5422015,0.0231532075811626
1772937487.54221,0.11340695925149544
1772937487.5422187,0.3629277633388853
1772937487.5422275,0.6492328438106831
1772937487.542237,0.806608207803898
1772937487.542246,0.7552783520865155
1772937487.5422547,0.6461896102801802
1772937487.5422633,0.7861148785837747
1772937487.542272,1.328049192285637
1772937487.5422807,2.045096753187037
1772937487.5422895,2.4847394605595947
1772937487.5422983,2.3810949289598593
1772937487.542307,1.8848138907300418
1772937487.5423155,1.3694743579857367
1772937487.542324,1.0619008875602873
1772937487.5423326,0.9197820592242578
1772937487.5423412,0.8377443655533221
1772937487.54235,0.85583747291727
1772937487.5423584,1.0886260312264222
1772937487.5423667,1.5000947144555523
1772937487.542375,1.8625940155250482
1772937487.542384,1.9799900683388028
1772937487.5423925,1.8874444414985438
1772937487.5424008,1.7650492852834017
1772937487.5424097,1.6864928663514955
1772937487.542418,1.547342308639153
1772937487.5424266,1.2743133095793369
1772937487.5424352,1.0260164540282766
1772937487.542444,1.0803326693754107
1772937487.5424523,1.500824081449733
1772937487.5424612,1.9824092451137016
1772937487.5424697,2.0973348151036326
1772937487.5424783,1.7039702438783275
1772937487.542488,1.088338997424522
1772937487.5424967,0.6967791029743929
1772937487.5425055,0.74286569192718
1772937487.542514,1.06927251959181
1772937487.5425227,1.355743260125338
1772937487.5425313,1.4316582199489656
1772937487.5425396,1.3968235674209968
1772937487.542548,1.4710357299616785
1772937487.5425565,1.7420085192278145
1772937487.542565,2.0558290586056973
1772937487.5425737,2.157748363236653
1772937487.542582,1.9568058697004753
1772937487.5425906,1.648008834855704
1772937487.5425992,1.5350088585604327
1772937487.542608,1.7016848921916294
1772937487.5426164,1.885043029646454
1772937487.5426254,1.732239486842057
1772937487.542634,1.1990827663664856
1772937487.5426424,0.6408647617156189
1772937487.5426512,0.45803393646727225
1772937487.5426595,0.6786987452976903
1772937487.5426683,0.9608625198775778
1772937487.5426772,1.0099143228638587
1772937487.542686,0.9016847802958899
1772937487.5426948,0.9219702661264243
1772937487.5427036,1.154175375028631
1772937487.542712,1.3741941587233997
1772937487.5427203,1.3944842665518158
1772937487.542729,1.3655033672989714
1772937487.542738,1.5597385976862521
1772937487.5427468,1.8740283613160527
1772937487.5427551,1.7639583537676244
1772937487.542764,0.851918856496268
1772937487.5427723,-0.462680611694802
1772937488.0210593,-0.7239544870445755
1772937488.0211089,-0.6556306951226348
1772937488.0211654,-0.3413052560830962
1772937488.021188,-0.1921822779263175
1772937488.0212111,-0.29984271248678124
1772937488.0212364,-0.43632820886095725
1772937488.0212488,-0.42940524095387766
1772937488.0212607,-0.3806875188829339
1772937488.0212755,-0.451528473352327
1772937488.0212877,-0.5597684927593802
1772937488.0213,-0.45641732202608754
1772937488.021312,-0.10239752620328704
1772937488.0213237,0.20074739307592915
1772937488.0213358,0.1769669317892829
1772937488.0213475,-0.010855005819216104
1772937488.0213592,0.10645446673529654
1772937488.021371,0.7122150800856841
1772937488.021382,1.3881226896557568
1772937488.021394,1.5359273846741845
1772937488.0214057,1.0789338671611852
1772937488.0214171,0.5848927925966318
1772937488.0214293,0.6252333843167881
1772937488.0214417,1.1226200528140027
1772937488.0214536,1.4615939823027893
1772937488.0214753,1.2070454794624375
1772937488.02149,0.5565078004233907
1772937488.0215025,0.029869808521286133
1772937488.0215144,-0.13986391355170952
1772937488.021526,-0.13794281271170725
1772937488.021538,-0.1350974507013899
1772937488.0215502,0.04573154405449088
1772937488.021562,0.6730269198007037
1772937488.0215735,1.6075853429751281
1772937488.0215857,2.2754898461136235
1772937488.0215971,2.2284782069068236
1772937488.0216093,1.6273569787939945
1772937488.0216212,1.0515322269411604
1772937488.0216331,0.8704410763779679
1772937488.0216448,0.9369198409898238
1772937488.0216568,0.9199834074524644
1772937488.0216687,0.7831782282922549
1772937488.0216804,0.7826583527361792
1772937488.0216925,1.038309979993206
1772937488.021705,1.3000328774743044
1772937488.0217164,1.2486418604311642
1772937488.0217285,0.9362903079237248
1772937488.021741,0.7691693929105015
1772937488.0217528,1.0302462717516319
1772937488.0217648,1.5443403651528016
1772937488.021777,1.909492846348404
1772937488.0217888,1.992327894923725
1772937488.0218012,2.052325154445313
1772937488.0218132,2.3429664985337353
1772937488.0218265,2.709409202962101
1772937488.021839,2.7081456572207343
1772937488.0218508,2.1176595386180557
1772937488.0218625,1.2211339158426335
1772937488.021874,0.5194820572414008
1772937488.0218863,0.21501977463824076
1772937488.0218985,0.06164801136889642
1772937488.02191,-0.271499947040915
1772937488.0219223,-0.7654947083579767
1772937488.021934,-1.0395282698894586
1772937488.0219464,-0.7591343929566969
1772937488.021958,-0.014996699601471165
1772937488.0219705,0.7117813438394776
1772937488.0219824,0.9428175130548837
1772937488.0219944,0.575558525959283
1772937488.022006,-0.07168114095000487
1772937488.0220177,-0.5340164488411517
1772937488.0220323,-0.5417802532089777
1772937488.0220451,-0.17568650187539378
1772937488.0220568,0.24122641219506397
1772937488.0220692,0.3967029244138078
1772937488.022081,0.18947906104372794
1772937488.0220928,-0.2483785050407464
1772937488.0221045,-0.6793825631039677
1772937488.022116,-0.9129866887706483
1772937488.0221276,-0.8864444639126499
1772937488.0221393,-0.6710184655092701
1772937488.0221512,-0.4365444167164409
1772937488.022163,-0.3732979383957328
1772937488.0221756,-0.5699655979607652
1772937488.0221877,-0.9262689566753805
1772937488.0221996,-1.2180563756134075
1772937488.0222113,-1.305020474349456
1772937488.0222235,-1.278249251257652
1772937488.0222354,-1.3520752371978724
1772937488.0222476,-1.5834877007018053
1772937488.0222597,-1.7504169445202953
1772937488.0222712,-1.5874155923957136
1772937488.0222833,-1.1492845301783914
1772937488.0222952,-0.8547786486670128
1772937488.022307,-1.0802843659517711
1772937488.0223188,-1.711610773489629
1772937488.0223305,-2.1767614604117784
1772937488.0223432,-1.9820945852004808
1772937488.0223553,-1.204391490251196
1772937488.022368,-0.4176433459755469
1772937488.0223796,-0.14132595283302601
1772937488.022392,-0.3956679228458601
1772937488.0224047,-0.788575049744582
1772937488.0224164,-0.9631287542769326
1772937488.0224288,-0.8977542376810843
1772937488.022441,-0.8024393690536497
1772937488.0224528,-0.8250557331644983
1772937488.0224652,-0.9204141602071091
1772937488.0224771,-0.9639271389814458
1772937488.0224893,-0.9091339428522948
1772937488.0225017,-0.8098629376907045
1772937488.0225143,-0.738473710154979
1772937488.022528,-0.7291003164021572
1772937488.0225403,-0.7854562609341551
1772937488.0225523,-0.8977546568826267
1772937488.022564,-1.037339481472214
1772937488.0225756,-1.1553075249205964
1772937488.0225873,-1.1951679897171974
1772937488.0225987,-1.092934945229675
1772937488.0226107,-0.7773439152061178
1772937488.0226223,-0.23416096338377065
1772937488.5021763,-0.8921039367677711
1772937488.5022142,-0.8608603945587703
1772937488.502237,-0.7118953576279266
1772937488.502257,-0.3317175748190325
1772937488.5022793,0.1112683376444237
1772937488.502306,0.29124412274619377
1772937488.5023246,0.056570533960749916
1772937488.5023448,-0.4013583188615345
1772937488.5023568,-0.7406808980574897
1772937488.5023663,-0.8134946421521453
1772937488.5023756,-0.7824216167507753
1772937488.5023847,-0.8915190707141945
1772937488.5023935,-1.1599478246888597
1772937488.5024023,-1.3391411187022346
1772937488.5024114,-1.1697716363117796
1772937488.5024204,-0.6541144836674375
1772937488.5024292,-0.07043610224527572
1772937488.502438,0.2521419830936841
1772937488.502448,0.1570445182380572
1772937488.502457,-0.29223490365927457
1772937488.5024726,-0.8961617450660099
1772937488.5024831,-1.402830772231209
1772937488.502493,-1.5670238797067704
1772937488.5025015,-1.2574970672065477
1772937488.50251,-0.5999285424434655
1772937488.502519,0.01024685526371104
1772937488.5025277,0.151506237742434
1772937488.5025363,-0.2664034639756919
1772937488.5025454,-0.8757244859653462
1772937488.502554,-1.1374335131086768
1772937488.5025628,-0.8078040286894125
1772937488.5025713,-0.13185558901580116
1772937488.50258,0.42692118594331346
1772937488.5025887,0.6248123650888769
1772937488.5025978,0.5821375911788207
1772937488.5026124,0.5232555707500331
1772937488.502626,0.4646458235329975
1772937488.5026395,0.23133476395126445
1772937488.5026484,-0.24922092339593144
1772937488.5026596,-0.7786817680432542
1772937488.5026681,-1.078847524546362
1772937488.5026767,-1.1010813048561423
1772937488.5026858,-1.0455894720761554
1772937488.5026944,-1.0542845967829415
1772937488.5027032,-0.9831375825263429
1772937488.502712,-0.5826099709420789
1772937488.5027208,0.11716544451888251
1772937488.5027294,0.727944788318858
1772937488.5027382,0.8915985138182446
1772937488.502748,0.6887375382517823
1772937488.5027573,0.5403711760877224
1772937488.5027661,0.6777344487432891
1772937488.5027747,0.8204872701074245
1772937488.5028377,0.49838389870509175
1772937488.5028489,-0.3247986609385152
1772937488.5028605,-1.0758537307123992
1772937488.5028722,-1.1063502752205945
1772937488.502884,-0.3669843979616411
1772937488.5028944,0.5259815305803323
1772937488.502905,0.8910904474095195
1772937488.5029156,0.5762510949464559
1772937488.5029263,-0.04793917652252111
1772937488.5029368,-0.5571598506230118
1772937488.5029476,-0.7962008063948889
1772937488.502958,-0.7654683224818849
1772937488.502969,-0.3937993609449095
1772937488.5029795,0.3908645426322005
1772937488.50299,1.3892512885259938
1772937488.5030005,2.1223333016010657
1772937488.5030107,2.2411447018459927
1772937488.5030217,1.9101378921343337
1772937488.503032,1.6535006596165343
1772937488.5030427,1.7777671876444867
1772937488.5030537,2.0378350265073166
1772937488.503064,1.9684004906612458
1772937488.5030744,1.5100208060021005
1772937488.503085,1.1762617017762929
1772937488.5030951,1.5238663153856038
1772937488.5031068,2.5059595416333202
1772937488.5031176,3.4428547533579015
1772937488.5031283,3.657989970485619
1772937488.5031388,3.100867710723787
1772937488.5031493,2.327369911015889
1772937488.50316,1.9223456135848778
1772937488.5031705,1.9965994329879762
1772937488.5031807,2.214355167061597
1772937488.5031912,2.2064328918120415
1772937488.503202,1.8965014788772743
1772937488.5032125,1.4825613432728364
1772937488.5032268,1.2115307913869842
1772937488.5032372,1.207960186049173
1772937488.5032475,1.443708217580756
1772937488.503258,1.7717008143513118
1772937488.5032687,1.9730377881396024
1772937488.5032787,1.8505191647451367
1772937488.5032892,1.364107623972995
1772937488.5032997,0.6963662184862417
1772937488.5033104,0.14787240515238367
1772937488.5033207,-0.07359940787726015
1772937488.5033312,0.0181108722244403
1772937488.5033417,0.2503897466855113
1772937488.5033522,0.4590045769570677
1772937488.503363,0.5857942705812047
1772937488.5033731,0.6444561335769219
1772937488.5033836,0.6486736772391021
1772937488.5033944,0.6087239577051725
1772937488.5034049,0.5759086762245506
1772937488.503416,0.6289043497598662
1772937488.5034273,0.772041954861972
1772937488.5034375,0.8598770967727802
1772937488.5034478,0.681140600994215
1772937488.5034585,0.17133269578889793
1772937488.5034688,-0.45543124428803605
1772937488.5034792,-0.8374060822651893
1772937488.5034895,-0.788860699085344
1772937488.5035,-0.5112510870871131
1772937488.5035114,-0.4426064944275911
1772937488.5035255,-0.8392873443142805
1772937488.5035388,-1.4856130868838064
1772937488.5035524,-1.8451666582447748
1772937488.503566,-1.5382961482765563
1772937488.9844613,-0.6895939154102934
1772937488.9845104,-0.44759024701436206
1772937488.9845345,-0.09086230456060616
1772937488.9845593,0.24602774622845572
1772937488.9845808,0.34259281547685166
1772937488.984602,0.14607638883875437
1772937488.9846225,-0.12089043968053181
1772937488.9846432,-0.20584776439050814
1772937488.9846685,-0.14612132491960972
1772937488.9846792,-0.2230758643776253
1772937488.9846883,-0.5598969316193632
1772937488.984698,-0.8752395770758136
1772937488.984707,-0.7648584381562699
1772937488.984716,-0.21372887779043664
1772937488.9847252,0.3075755921066176
1772937488.9847403,0.33793912156804834
1772937488.9847512,-0.05247214248643263
1772937488.9847603,-0.34718196843241506
1772937488.98477,-0.18441726875983766
1772937488.9847808,0.2434699237830263
1772937488.9847956,0.4531808597761235
1772937488.9848108,0.24283896376236955
1772937488.984822,-0.1270915088975762
1772937488.9848313,-0.3121023180125587
1772937488.9848409,-0.28943355259019166
1772937488.9848497,-0.2884038120271075
1772937488.9848597,-0.41413634166122365
1772937488.9848695,-0.5259327802017213
1772937488.9848783,-0.5287294490373357
1772937488.9848871,-0.615011848860727
1772937488.984896,-1.036205113409939
1772937488.9849055,-1.6607924131031975
1772937488.9849143,-1.9604448048009793
1772937488.9849236,-1.5676736553386839
1772937488.984933,-0.765421773985518
1772937488.984942,-0.25187206570399884
1772937488.9849513,-0.38377780244686754
1772937488.985034,-0.787128598200673
1772937488.985048,-0.8292486954625303
1772937488.9850624,-0.40343363834779744
1772937488.9850757,-0.06947676601348542
1772937488.9850888,-0.35677447454397515
1772937488.9851034,-1.0602592687053833
1772937488.985113,-1.3918301439843603
1772937488.9851232,-0.8421511177899693
1772937488.9851325,0.22875138841804127
1772937488.985141,0.9317550801879582
1772937488.9851499,0.7147447840178986
1772937488.9851584,-0.19268632759156754
1772937488.98517,-1.1480085504362882
1772937488.9851837,-1.7542314667434895
1772937488.985198,-2.078673709072878
1772937488.98521,-2.332117888059447
1772937488.9852188,-2.522615592811263
1772937488.9852276,-2.496753344834422
1772937488.9852364,-2.216962669660301
1772937488.9852457,-1.8574695110869717
1772937488.9852543,-1.6073114889833255
1772937488.985263,-1.471603359458752
1772937488.985272,-1.3351261972318267
1772937488.9852808,-1.1822849468392111
1772937488.9852896,-1.165619182891336
1772937488.9852984,-1.4214946822568675
1772937488.985308,-1.8512857079787426
1772937488.9853168,-2.124893243830829
1772937488.9853263,-1.9164291559214084
1772937488.9853354,-1.1647197976801473
1772937488.9853442,-0.1636016380479098
1772937488.9853532,0.5695236648025873
1772937488.9853625,0.5864807019281335
1772937488.9853716,-0.17194853225779763
1772937488.9853804,-1.240189776359245
1772937488.9853892,-1.8635149357449035
1772937488.9853985,-1.541383608325239
1772937488.9854076,-0.4759106824705059
1772937488.9854171,0.5179499419236868
1772937488.985426,0.6502531867882698
1772937488.9854355,-0.19329383446549833
1772937488.9854443,-1.3896366188459215
1772937488.9854536,-2.159292723074324
1772937488.985463,-2.2230926661279535
1772937488.9854722,-1.9263758497251888
1772937488.9854813,-1.7888138089730732
1772937488.9854903,-1.991200804125208
1772937488.9854991,-2.286901810587091
1772937488.9855082,-2.326592165570896
1772937488.9855173,-1.9953461923627065
1772937488.9855256,-1.4540012990286577
1772937488.985535,-0.9467855014452455
1772937488.9855435,-0.6330742752073716
1772937488.9855523,-0.5704944326161341
1772937488.9855611,-0.7645598475895047
1772937488.9855707,-1.1718536812598286
1772937488.9855793,-1.670254681411947
1772937488.985588,-2.0790873133819967
1772937488.985597,-2.241800107538479
1772937488.985606,-2.0984490568145087
1772937488.9856153,-1.6956355921594346
1772937488.985624,-1.158054298107704
1772937488.985633,-0.658304138608217
1772937488.9856424,-0.36896323944598136
1772937488.9856513,-0.3741518051578355
1772937488.9856608,-0.5954964772416449
1772937488.9856744,-0.835530990280063
1772937488.9856892,-0.9497592082421734
1772937488.985704,-1.000425062083286
1772937488.9857135,-1.2174843811970697
1772937488.985723,-1.768463734992046
1772937488.9857328,-2.5488881217897985
1772937488.9857423,-3.2127441621767776
1772937488.9857519,-3.438477449022124
1772937488.9857616,-3.1926326051181313
1772937488.9857717,-2.7485787299304776
1772937488.9857807,-2.4459046515633527
1772937488.9858012,-2.411243526158147
1772937488.98581,-2.483089538692206
1772937488.9858186,-2.38640301728206
1772937488.9858272,-1.9828165236459154
1772937488.9858365,-1.3770772339549582
1772937488.9858456,-0.8118128951558823
1772937489.4625604,0.055292428044745066
1772937489.4625988,0.5345720399461686
1772937489.4626267,0.09997530195675063
1772937489.462652,-0.9752763225832187
1772937489.4626758,-1.8338911667435527
1772937489.4627016,-1.9361493212573013
1772937489.4627268,-1.6317487696388202
1772937489.4627504,-1.6939339357789436
1772937489.4627707,-2.369240814193017
1772937489.462783,-3.113459655207922
1772937489.4627948,-3.335793160010184
1772937489.462813,-3.191357546558785
1772937489.462829,-3.3758642436319914
1772937489.462842,-4.1354151705371605
1772937489.4628544,-4.743698711505625
1772937489.4628663,-4.1882716907659505
1772937489.4628787,-2.3385853116805686
1772937489.4628932,-0.5929276099389764
1772937489.462906,0.5559433189896625
1772937489.4629197,0.8257330006947313
1772937489.4629323,0.5289591072307621
1772937489.4629464,0.2693746932357376
1772937489.4629595,0.3531674827464017
1772937489.4629734,0.6596888965709938
1772937489.4629855,0.926272963694307
1772937489.462998,1.005845571835061
1772937489.4630089,0.8725782570129705
1772937489.4630213,0.5418706172741097
1772937489.4630334,0.09807896942728986
1772937489.4630458,-0.24976212292709066
1772937489.4630585,-0.27236452425752233
1772937489.4630709,0.05097118233859669
1772937489.4630835,0.4387075828536254
1772937489.4630957,0.5013875221362261
1772937489.463108,0.0621571983065806
1772937489.463121,-0.6953875995485123
1772937489.463134,-1.3708950467804821
1772937489.4631467,-1.6384210350803214
1772937489.4631605,-1.4585341989014147
1772937489.4631743,-1.0868278092808035
1772937489.4631896,-0.8907992539388793
1772937489.463204,-1.0866482924351095
1772937489.4632175,-1.5734212542741806
1772937489.4632308,-2.0140710353952516
1772937489.463245,-2.124776242630803
1772937489.4632587,-1.9119709473370656
1772937489.4632726,-1.613062660292193
1772937489.4632864,-1.409035499028847
1772937489.4633,-1.2484477572191022
1772937489.4633143,-0.9909566440700035
1772937489.4633276,-0.6671320864359486
1772937489.4633417,-0.48593934054074056
1772937489.4633558,-0.5556055948971769
1772937489.4633698,-0.7020436421649057
1772937489.4633837,-0.6831323818789783
1772937489.4633975,-0.5579837772120746
1772937489.4634113,-0.6854970939093403
1772937489.4634254,-1.2507749370890375
1772937489.4634392,-1.875288055956842
1772937489.4634533,-1.879868940472708
1772937489.463467,-1.0123808130230407
1772937489.4634807,0.1822774245746756
1772937489.4634936,0.8420316068221897
1772937489.4635057,0.6346403371411202
1772937489.463519,0.03442487139762489
1772937489.4635315,-0.2606350695252966
1772937489.4635448,-0.06942256023565574
1772937489.4635572,0.2178684566293666
1772937489.4635704,0.25247013547955555
1772937489.4635844,0.19368676970303875
1772937489.463598,0.45210723374530754
1772937489.4636114,1.067672365598255
1772937489.4636233,1.5371635663848515
1772937489.4636352,1.336288320060775
1772937489.463647,0.5212815537903096
1772937489.46366,-0.29649512606689316
1772937489.463672,-0.5571440243026826
1772937489.4636855,-0.24183379428166313
1772937489.4636989,0.24934160158777888
1772937489.4637105,0.5879418477280215
1772937489.4637227,0.7746562049950254
1772937489.4637363,0.943801285721773
1772937489.4637487,1.0628440531017416
1772937489.4637616,0.9362023963155265
1772937489.4637744,0.484427294992483
1772937489.4637873,-0.0731508772646842
1772937489.4638007,-0.3637554613330603
1772937489.4638143,-0.17898226904511563
1772937489.463827,0.35233114254070524
1772937489.46384,0.8689731753669898
1772937489.463853,1.0359566694697797
1772937489.463866,0.7578372726138646
1772937489.4638786,0.23005651537854882
1772937489.4638915,-0.1903212535160691
1772937489.4639044,-0.23145491732724033
1772937489.4639175,0.08398313374661319
1772937489.46393,0.448717722390136
1772937489.4639416,0.5306430513683219
1772937489.4639544,0.26603176658265626
1772937489.4639673,-0.10153388513553614
1772937489.4639797,-0.2845370294839867
1772937489.4639916,-0.24591516822462603
1772937489.4640024,-0.2188638244018676
1772937489.464014,-0.44801819340049204
1772937489.4640255,-0.9407860699420542
1772937489.4640367,-1.4749840958675011
1772937489.4640481,-1.8110862523599318
1772937489.46406,-1.8659882264446557
1772937489.4640725,-1.7071733256298673
1772937489.4640844,-1.4418367062837787
1772937489.4640968,-1.1400331533241523
1772937489.4641092,-0.8294908306769433
1772937489.464122,-0.518609932029124
1772937489.4641345,-0.228722245155623
1772937489.464147,-0.038869958399700526
1772937489.4641595,-0.08911232717791132
1772937489.4641724,-0.46504274040535626
1772937489.464185,-1.018101341015212
1772937489.4641976,-1.338023164278688
1772937489.4642103,-1.0201661796592112
1772937489.944832,-1.5981090667833926
1772937489.94488,-1.9796285963042977
1772937489.9449112,-1.6606481431721647
1772937489.9449437,-1.0013180749885822
1772937489.944976,-0.6850300487971236
1772937489.94501,-1.0108281353308075
1772937489.9450524,-1.6363939802155054
1772937489.9450989,-2.0131078430928966
1772937489.9451356,-1.9567512346561957
1772937489.9451504,-1.7197521311958497
1772937489.9451635,-1.5920323202153255
1772937489.9451768,-1.5886410127168697
1772937489.94519,-1.5651592874625202
1772937489.9452033,-1.504103595678018
1772937489.9452157,-1.5380614997720705
1772937489.9452286,-1.7009937161987123
1772937489.9452417,-1.8079804173227998
1772937489.945254,-1.691653435654007
1772937489.9452727,-1.5051104148148757
1772937489.9452865,-1.6445445200031745
1772937489.9452991,-2.2955122820817153
1772937489.9453118,-3.1159276634919215
1772937489.945325,-3.4797091502343394
1772937489.9453368,-3.079891961443488
1772937489.9453485,-2.252039408711154
1772937489.9453616,-1.6522052639541809
1772937489.9453807,-1.6160675387998447
1772937489.9453948,-1.8679213206546197
1772937489.9454112,-1.8671204229527898
1772937489.9454267,-1.400305576141976
1772937489.94544,-0.7846711506745632
1772937489.9454527,-0.485133926283416
1772937489.945465,-0.581383120915071
1772937489.9454775,-0.6730395488962144
1772937489.94549,-0.3305438804624264
1772937489.9455023,0.39514513075724156
1772937489.9455168,0.963881266296699
1772937489.94553,0.8683470648206949
1772937489.9455428,0.14594427900351747
1772937489.9455552,-0.6567249952110153
1772937489.9455676,-1.0233770612418542
1772937489.94558,-0.935921550919567
1772937489.9455924,-0.7910695911882547
1772937489.9456048,-0.8989644051717965
1772937489.9456172,-1.1400021726451646
1772937489.9456296,-1.1406685046838365
1772937489.9456418,-0.7239194436870428
1772937489.9456542,-0.1016583613694896
1772937489.9456666,0.38029300507314084
1772937489.9456792,0.6001537310016484
1772937489.945692,0.6955341738261088
1772937489.9457045,0.7876549112209157
1772937489.945717,0.789686529570203
1772937489.9457295,0.5497855185474464
1772937489.945742,0.11907874315538408
1772937489.945754,-0.23312569861174423
1772937489.9457664,-0.2976023749239705
1772937489.9457836,-0.1453444849792602
1772937489.945798,-0.007825420401534644
1772937489.9458108,0.023558916821661342
1772937489.9458275,0.08547475683629352
1772937489.9458425,0.3043936707870229
1772937489.9458551,0.5499235272991911
1772937489.9458723,0.5217488751638947
1772937489.945887,0.09561824134286291
1772937489.945902,-0.4765560411247211
1772937489.9459157,-0.7545904053959137
1772937489.945928,-0.48767317713061414
1772937489.9459405,0.20001994513132912
1772937489.945953,0.9479929231472692
1772937489.945966,1.4230482967008757
1772937489.9459784,1.4722378958592997
1772937489.9459968,1.132932797707987
1772937489.9460104,0.5878660087806759
1772937489.9460227,0.0838139681151855
1772937489.946035,-0.21577666265645382
1772937489.9460475,-0.36064634448245175
1772937489.9460843,-0.5525987820351014
1772937489.946097,-0.8829417983266258
1772937489.9461095,-1.1381434709429454
1772937489.946122,-0.9481991848980935
1772937489.9461396,-0.18117901747335072
1772937489.946154,0.8430212599195164
1772937489.9461722,1.5914033694480432
1772937489.9461873,1.773744407100333
1772937489.9462051,1.5266640231604043
1772937489.9462197,1.161492006776774
1772937489.9462323,0.8223553587590154
1772937489.9462497,0.4660566968171908
1772937489.9462645,0.12694008951168484
1772937489.946278,0.05366092479000531
1772937489.9462965,0.48500419656467947
1772937489.9463096,1.3269601553823989
1772937489.9463222,2.1535102714188463
1772937489.9463372,2.566835435485851
1772937489.9463506,2.514960871149923
1772937489.9463687,2.230852837327259
1772937489.9463823,1.9261324903360502
1772937489.9463952,1.6370752098211354
1772937489.9464076,1.3632147233594005
1772937489.94642,1.2294086084056528
1772937489.946432,1.3895117892671038
1772937489.9464445,1.777116171977266
1772937489.9464576,2.063297726480562
1772937489.946472,1.9469925861031048
1772937489.9464889,1.4719262436866427
1772937489.9465024,0.9941658908196027
1772937489.946519,0.8208197099016514
1772937489.946534,0.92127269963372
1772937489.9465468,1.01933533793924
1772937489.9465594,0.9333429130336683
1772937489.94662,0.7710597522907474
1772937489.946638,0.7863190494697113
1772937489.9466538,1.0907488226840625
1772937489.9466672,1.5365407045304822
1772937489.946684,1.8542757244107473
1772937489.946699,1.8590919217092938
1772937489.946712,1.5261907597431743
1772937489.9467244,0.9322689306930361
1772937489.9467375,0.1935504188493228
1772937490.4236746,1.0367557900801307
1772937490.4237125,1.9659728603528583
1772937490.4237382,2.5476714942020307
1772937490.4237769,2.3887456313292783
1772937490.4238024,1.6555702968694745
1772937490.4238293,0.9694461537379855
1772937490.4238558,0.8664311008033646
1772937490.4238825,1.3036412290860018
1772937490.4239087,1.7302207917953534
1772937490.4239357,1.6683284854946074
1772937490.423962,1.1689993396800915
1772937490.4239893,0.6483399659156224
1772937490.4240017,0.3573115040625238
1772937490.42401,0.17239378299698638
1772937490.4240181,-0.06071399481251694
1772937490.4240265,-0.1635929260752568
1772937490.4240346,0.18395646788887537
1772937490.4240427,0.908486229235441
1772937490.4240508,1.4342002025898477
1772937490.424059,1.279523395584306
1772937490.424067,0.6646150583270155
1772937490.424076,0.2996329775507455
1772937490.424084,0.5241392358868828
1772937490.4240923,0.8643346492534998
1772937490.4241006,0.6341559463742831
1772937490.4241085,-0.11671817872593465
1772937490.4241166,-0.5304961467179654
1772937490.4241247,0.06562612035289044
1772937490.4241323,1.271404763086099
1772937490.4241405,1.9555086991162725
1772937490.4241483,1.4878929269495569
1772937490.4241564,0.4296081447691329
1772937490.4241655,-0.11431006925801307
1772937490.424174,0.3085246651257263
1772937490.4241822,1.124780802217015
1772937490.42419,1.4952041457264058
1772937490.424198,1.1948641093237566
1772937490.4242063,0.6262294429196819
1772937490.424214,0.16372738652721286
1772937490.424222,-0.22163566662246673
1772937490.42423,-0.6670156116843959
1772937490.424238,-1.029173736576677
1772937490.424246,-1.0237634678323273
1772937490.4242544,-0.6699813407103365
1772937490.4242628,-0.34393271566621253
1772937490.4242709,-0.3133216228902645
1772937490.4242787,-0.4034488201065491
1772937490.4242868,-0.2908368878735764
1772937490.4242947,-0.021540859276380046
1772937490.4243028,0.016482760559119784
1772937490.4243107,-0.3037549417250102
1772937490.4243188,-0.5051483310099603
1772937490.424327,-0.006162243037943654
1772937490.4243348,1.0785789739231677
1772937490.4243429,1.8891390025211945
1772937490.4243507,1.7102595860420413
1772937490.4243588,0.793245084536889
1772937490.4243667,0.1186491392255299
1772937490.424375,0.3601179768841303
1772937490.424383,1.2428700808592217
1772937490.4243908,1.9640279940821253
1772937490.4243991,2.067900080542624
1772937490.4244075,1.7445406012038265
1772937490.4244156,1.3700223526912865
1772937490.4244237,1.0336409255963526
1772937490.4244323,0.6358724410149185
1772937490.42444,0.2545457472569094
1772937490.424448,0.14231382422852448
1772937490.424456,0.3433006140890376
1772937490.4244637,0.5401437356120536
1772937490.4244719,0.43991607841998664
1772937490.42448,0.2015225371690487
1772937490.424488,0.26954942801554055
1772937490.424496,0.7674646319014662
1772937490.424504,1.254715571395373
1772937490.424512,1.2290734400006442
1772937490.42452,0.7661144821020474
1772937490.424528,0.4542148918499099
1772937490.424536,0.6656004037372452
1772937490.424544,1.0743514260109275
1772937490.424552,1.0424357554234367
1772937490.4245613,0.3992302194877806
1772937490.4245732,-0.35320013357123936
1772937490.4245868,-0.6414219116817041
1772937490.4245975,-0.4566807499749715
1772937490.424606,-0.2585114643707907
1772937490.424615,-0.3391172217953873
1772937490.4246235,-0.49285623253645466
1772937490.4246323,-0.37434002561821333
1772937490.424641,-0.017792609864105687
1772937490.4246502,0.17686527597217266
1772937490.4246593,-0.05137277105571644
1772937490.4246678,-0.5018290151138626
1772937490.4246764,-0.7657664278377027
1772937490.4246852,-0.6930711660834082
1772937490.4246938,-0.4831747576634679
1772937490.424703,-0.3580677556499567
1772937490.4247117,-0.31094877593816
1772937490.42472,-0.24889561456835377
1772937490.4247289,-0.2604742508037459
1772937490.4247372,-0.5676625287507612
1772937490.424746,-1.1832755553589656
1772937490.4247544,-1.738875992005365
1772937490.4247632,-1.7662732754018031
1772937490.424772,-1.1492858136996709
1772937490.4247804,-0.24563115616637188
1772937490.4247892,0.43477234409559024
1772937490.4247978,0.6288918420409707
1772937490.4248064,0.4212762036818918
1772937490.4248157,0.056004622309613526
1772937490.4248242,-0.2671109142002318
1772937490.4248328,-0.44790439731428344
1772937490.4248416,-0.4555996599881887
1772937490.4248502,-0.3118658101598002
1772937490.4248588,-0.07834497225992994
1772937490.4248674,0.18295755377632691
1772937490.424876,0.42973449868841773
1772937490.4248846,0.5982371097367691
1772937490.4248934,0.5784931553151825
1772937490.424903,0.3067329970070867
1772937490.4249115,-0.09843431827353905
1772937490.9045932,-0.028333820880062036
1772937490.9046488,-0.1005054203707304
1772937490.90468,-0.17165684543355988
1772937490.904707,-0.18383696145550396
1772937490.9047337,-0.32896059185728604
1772937490.9047601,-0.7025340073175458
1772937490.904787,-1.0504280310027303
1772937490.9048135,-0.9895947964761549
1772937490.9048405,-0.4348184286282142
1772937490.9048672,0.3129875490007715
1772937490.904885,0.9008480034037405
1772937490.9048936,1.2196990299084183
1772937490.904902,1.3155819757262615
1772937490.9049103,1.1440066889656546
1772937490.9049187,0.5971365004148336
1772937490.9049268,-0.2177926660658212
1772937490.9049351,-0.9042054569070387
1772937490.9049437,-1.1166885748012623
1772937490.9049516,-0.9173479394687004
1772937490.9049602,-0.6541364617888051
1772937490.9049697,-0.48498646022044295
1772937490.9049776,-0.18127323863682887
1772937490.9049857,0.49404569696144157
1772937490.9049935,1.3247926443449374
1772937490.905002,1.759328300189961
1772937490.90501,1.5350327003203648
1772937490.905018,1.0302494005795195
1772937490.9050305,0.8508959209088288
1772937490.9050403,1.125058566121696
1772937490.9050484,1.385325975574083
1772937490.9050567,1.203818207197015
1772937490.9050643,0.7904470694918492
1772937490.9050725,0.789797124267292
1772937490.9050803,1.504633823153581
1772937490.9050882,2.4927343377174647
1772937490.905096,3.03085763266114
1772937490.905104,2.889143808001806
1772937490.905112,2.5114421615060056
1772937490.90512,2.4444355261214623
1772937490.905128,2.740560891099666
1772937490.905136,3.012808249970077
1772937490.905144,2.980345047651933
1772937490.9051523,2.7915433321204235
1772937490.9051604,2.7739295756947344
1772937490.9051683,2.9956155718368906
1772937490.9051764,3.1965062778052173
1772937490.9051845,3.11961132849019
1772937490.9051924,2.7802134246827475
1772937490.9052005,2.358821570015122
1772937490.9052083,1.9279025635787248
1772937490.9052165,1.4122342104725571
1772937490.905224,0.8238234717414818
1772937490.9052324,0.41408476222845414
1772937490.9052403,0.477696351767908
1772937490.9052484,0.9996172018074589
1772937490.9052565,1.5722073754605816
1772937490.905265,1.7241511190420575
1772937490.905274,1.3366752383711087
1772937490.9052818,0.7196260313845889
1772937490.90529,0.28779850018249603
1772937490.905298,0.19352126939011446
1772937490.905306,0.2850323827121314
1772937490.905314,0.38301836426404134
1772937490.905322,0.5266551059882387
1772937490.9053304,0.9004890308716718
1772937490.9053385,1.535894115803665
1772937490.9053469,2.157796402953117
1772937490.9053547,2.4003033524182817
1772937490.9053628,2.1880907875934072
1772937490.9053707,1.850883504129853
1772937490.9053788,1.7997185466997074
1772937490.9053872,2.0906969225198315
1772937490.9053948,2.3658954516499517
1772937490.905403,2.257697189656426
1772937490.9054112,1.8026100083801735
1772937490.905419,1.379157890800233
1772937490.9054272,1.2418196314371401
1772937490.905435,1.2216310361500942
1772937490.9054432,0.9746991057199395
1772937490.9054513,0.47573225665425095
1772937490.9054592,0.1167947619492013
1772937490.9054673,0.24232757155614967
1772937490.905475,0.6800328265519912
1772937490.9054832,0.8850821213473363
1772937490.905491,0.5736735810901907
1772937490.9054997,0.08136971326502652
1772937490.9055085,-0.02311977285090859
1772937490.9055164,0.37633190056678173
1772937490.9055243,0.8036311938161528
1772937490.905532,0.7904962343918102
1772937490.90554,0.4826865037124069
1772937490.905548,0.4798012298574009
1772937490.905556,1.0702994423931036
1772937490.9055638,1.792713643679516
1772937490.9055717,1.8924162043822235
1772937490.9055796,1.168694238884008
1772937490.9055877,0.22304008447740034
1772937490.9055955,-0.18340800875331728
1772937490.9056036,0.08182924120363669
1772937490.9056115,0.4771965833086639
1772937490.9056196,0.4850321028213032
1772937490.9056275,0.21162686988444376
1772937490.9056356,0.2178411533932604
1772937490.9056437,0.8241199321728142
1772937490.9056516,1.7021516147128708
1772937490.9056597,2.187803138922951
1772937490.9056675,1.9404884962147364
1772937490.9056754,1.2512085633585646
1772937490.9056835,0.7326707703843538
1772937490.9056919,0.7536318682544478
1772937490.9056995,1.1602114223836115
1772937490.9057076,1.4858859264926751
1772937490.9057155,1.4056645925603064
1772937490.9057233,1.0253428685008459
1772937490.9057317,0.7711443432385847
1772937490.90574,0.9771181370161784
1772937490.905748,1.5232793230714854
1772937490.905756,1.8676823418489137
1772937490.905764,1.49940233471999
1772937490.905772,0.4377342835803248
1772937491.1152384,0.36276462966916767
1772937491.1152885,-0.052830558385121094
1772937491.1153169,-0.2236277637416547
1772937491.1153448,0.0015769017506945602
1772937491.1153584,0.6544009693316971
1772937491.1153696,1.5359292730470868
1772937491.1153853,2.220490832711374
1772937491.115399,2.2941360139937297
1772937491.115412,1.7005137396436205
1772937491.1154242,0.8570279416966429
1772937491.1154368,0.3472864644603435
1772937491.115449,0.42901494746847835
1772937491.1154628,0.8452757485550999
1772937491.1154752,1.140947871573843
1772937491.115487,1.1344282154468743
1772937491.1155002,1.0219018335476826
1772937491.1155128,1.0366733908354495
1772937491.1155264,1.1262236597700621
1772937491.1155398,1.0681285903562858
1772937491.1155534,0.8589392834525644
1772937491.1155665,0.8258826459046088
1772937491.1155753,1.2504474368297502
1772937491.1155841,1.9480614152113345
1772937491.115598,2.367542519559624
1772937491.1156085,2.159966481390457
1772937491.1156173,1.5685657371396704
1772937491.115626,1.1729745203030262
1772937491.1156347,1.2776644203951348
1772937491.1156433,1.637658029517104
1772937491.1156516,1.7856681872342013
1772937491.1156604,1.5240470045648482
1772937491.1156693,1.0306037434250026
1772937491.1156776,0.5688302864828562
1772937491.115686,0.24576857243889494
1772937491.1156948,0.08050511918709896
1772937491.115703,0.16606467298319627
1772937491.1157236,0.6125172270467333
1772937491.1157324,1.3364246865888714
1772937491.1157408,2.030002444383859
1772937491.1157496,2.408687739905209
1772937491.1157584,2.443697789100822
1772937491.1157672,2.305462987347472
1772937491.1157756,2.141395313962974
1772937491.1157842,2.0055297723516934
1772937491.1157925,1.9720774004918187
1772937491.115801,2.1451043665274874
1772937491.11581,2.43917101573104
1772937491.1158185,2.4436762209155733
1772937491.115827,1.7108037608527755
1772937491.115836,0.265051345021947
1772937491.1158445,-1.277220624015011
1772937491.6056795,-1.2590816261403874
1772937491.6057384,-0.24716462124168706
1772937491.605768,0.368525583110299
1772937491.605796,0.181941184112538
1772937491.6058278,-0.44407469302162766
1772937491.6058583,-0.847327165055972
1772937491.605885,-0.6937690942793783
1772937491.6059117,-0.16618708180189926
1772937491.6059382,0.3148046418632978
1772937491.605965,0.4387152122299317
1772937491.6059775,0.13544550775656747
1772937491.6059856,-0.4620461711570146
1772937491.6059945,-1.0832273993806834
1772937491.6060042,-1.4243503679067189
1772937491.606012,-1.3360330781108036
1772937491.6060202,-0.9596833492384811
1772937491.6060288,-0.6084382390581764
1772937491.606037,-0.447211375143919
1772937491.6060448,-0.3244544656842028
1772937491.6060529,0.004484221651507994
1772937491.6060643,0.4928514683615967
1772937491.6060777,0.7364810639984155
1772937491.606091,0.3634601663667893
1772937491.6061013,-0.5425217469502054
1772937491.606111,-1.4852779356777859
1772937491.606124,-2.031888620938854
1772937491.6061368,-2.179318310220835
1772937491.6061494,-2.2121831495517545
1772937491.6061616,-2.2683949920683806
1772937491.6061745,-2.1615348752428925
1772937491.6061857,-1.6628109213039246
1772937491.6061945,-0.869568996982704
1772937491.6062028,-0.19194265763702936
1772937491.606211,0.03368180556937961
1772937491.6062188,-0.14843771109683343
1772937491.6062267,-0.42336887091631936
1772937491.6062348,-0.5724229711457398
1772937491.606243,-0.6691355472699584
1772937491.6062794,-0.91872037694426
1772937491.6062877,-1.3703334823704578
1772937491.6062956,-1.8337066567755003
1772937491.6063037,-2.0616522015922962
1772937491.6063113,-1.9752888413988066
1772937491.6063197,-1.7076772712667034
1772937491.6063275,-1.45701308862287
1772937491.6063356,-1.3101846145012463
1772937491.6063435,-1.1878847835030903
1772937491.6063516,-0.9425915240140458
1772937491.6063595,-0.5252118848368184
1772937491.606367,-0.0812924245967414
1772937491.6063752,0.1261949219051412
1772937491.606383,-0.06662023593402713
1772937491.606391,-0.5535908833401397
1772937491.6063993,-1.0151975897208823
1772937491.6064072,-1.1754344680400222
1772937491.6064153,-1.0128831171262047
1772937491.6064231,-0.7146020777109106
1772937491.6064312,-0.4411414041070132
1772937491.606439,-0.17618994283436445
1772937491.6064477,0.18803013865589063
1772937491.6064558,0.6774302485909104
1772937491.6064637,1.214406743275908
1772937491.6064715,1.7543978429013014
1772937491.6064796,2.3485899135149024
1772937491.6064875,2.9975506154505043
1772937491.6064959,3.4816154070969323
1772937491.6065037,3.4546181641140983
1772937491.6065118,2.783079160042129
1772937491.6065197,1.7645699802979817
1772937491.6065276,0.9361577477308208
1772937491.6065357,0.6400147726122191
1772937491.6065433,0.8024834342600882
1772937491.6065514,1.1366826723240693
1772937491.6065595,1.4879052966650357
1772937491.6065674,1.9060282660252705
1772937491.6065755,2.406274817457207
1772937491.6065857,2.7835077169872444
1772937491.6065977,2.764940347530007
1772937491.6066103,2.3317078256851875
1772937491.606619,1.7965622229647205
1772937491.6066275,1.5080794623679703
1772937491.606636,1.5098502436536088
1772937491.6066444,1.5452392085272493
1772937491.606653,1.3874260085776133
1772937491.6066616,1.094119843831361
1772937491.6066701,0.892598323470744
1772937491.6066787,0.8531572010392947
1772937491.6066873,0.7610563337041738
1772937491.6066964,0.3585867489499365
1772937491.6067052,-0.30919602618014613
1772937491.606714,-0.8439368513552892
1772937491.6067226,-0.8254173531250681
1772937491.6067312,-0.20752385202527018
1772937491.60674,0.6089002838649362
1772937491.6067483,1.09782826288384
1772937491.6067572,1.026763401409436
1772937491.6067655,0.6039632376292422
1772937491.606774,0.25245951688979984
1772937491.6067832,0.24267191733796337
1772937491.6067915,0.5116128432168021
1772937491.6068003,0.7907706433144388
1772937491.606809,0.8721661112707993
1772937491.6068175,0.7459678288132543
1772937491.606826,0.519100362522047
1772937491.6068344,0.2658342878098664
1772937491.6068428,0.0003567260867461073
1772937491.6068516,-0.2302788211406829
1772937491.6068604,-0.30704578445236347
1772937491.6068687,-0.15413606495408755
1772937491.6068773,0.12236737386221296
1772937491.606886,0.28062632971559803
1772937491.6068945,0.1722951543921493
1772937491.6069028,-0.09691264293340597
1772937491.6069117,-0.2806289144826141
1772937491.6069205,-0.2626890332708406
1772937491.6069288,-0.16396875421158766
1772937491.6069372,-0.15323140550775155
1772937491.6069465,-0.19845048257917033
1772937491.6069553,-0.07882298707863732
1772937491.6069636,0.34427137034273575
1772937492.086608,0.08405853607528645
1772937492.0866644,-0.40448171974965924
1772937492.0866864,-0.921277383476685
1772937492.0867069,-1.3144478897951921
1772937492.0867267,-1.5346050357407435
1772937492.0867467,-1.6282982150522822
1772937492.0867667,-1.6069733509001776
1772937492.0867767,-1.3764776301533308
1772937492.0867877,-0.8744734230318182
1772937492.086802,-0.27467043713883005
1772937492.0868175,0.0530816951784102
1772937492.0868323,-0.10968929273706902
1772937492.0868433,-0.5360961983973843
1772937492.0868528,-0.7157654301452592
1772937492.0868616,-0.3807019413512228
1772937492.086871,0.17487930885154418
1772937492.0868795,0.38484969291788435
1772937492.0868883,0.02673316754769246
1772937492.0868971,-0.5286757876840389
1772937492.0869064,-0.7262509627019224
1772937492.0869153,-0.42752277468494104
1772937492.0869236,-0.022536994403406823
1772937492.0869324,0.042379995763920646
1772937492.0869408,-0.2566867413173936
1772937492.0869496,-0.5714852991099955
1772937492.0869582,-0.6323170504886584
1772937492.0869715,-0.5220662681809952
1772937492.086982,-0.4804389345910616
1772937492.0869908,-0.5489396075438991
1772937492.0869992,-0.5249975781782336
1772937492.0870078,-0.25976439620398345
1772937492.0870163,0.09743392591353495
1772937492.087025,0.20964067571067801
1772937492.0870335,-0.1211542481508912
1772937492.0870423,-0.7664728738027422
1772937492.087051,-1.3682629231031755
1772937492.0870593,-1.5727449206430593
1772937492.0870676,-1.219858914777447
1772937492.0870762,-0.44235613169165255
1772937492.0870852,0.3413729358127873
1772937492.087094,0.6199964767488985
1772937492.0871024,0.15375855930019844
1772937492.087111,-0.7597931076005622
1772937492.0871198,-1.4467733688791926
1772937492.0871284,-1.4026179086621178
1772937492.0871367,-0.7295942631549152
1772937492.087145,-0.01525079353843455
1772937492.0871537,0.22719002101588376
1772937492.0871623,-0.027358772692914812
1772937492.0871708,-0.4335554869701819
1772937492.0871792,-0.6973648016548677
1772937492.0871878,-0.7920238000619488
1772937492.0871964,-0.8061838111078546
1772937492.0872047,-0.7354660117910535
1772937492.0872135,-0.516710352504907
1772937492.0872228,-0.19405912061218408
1772937492.0872319,0.08596804741932658
1772937492.0872405,0.26447685428359036
1772937492.0872488,0.4411718374705039
1772937492.0872579,0.6757539898991777
1772937492.0872664,0.7980693103863971
1772937492.0872748,0.5650825429585218
1772937492.0872831,0.033489539091638536
1772937492.0872917,-0.3587195687645076
1772937492.0873003,-0.20896897047503582
1772937492.0873091,0.3863562499468038
1772937492.0873177,0.9158678206787172
1772937492.0873263,1.037835462097386
1772937492.0873349,0.9687662749402232
1772937492.0873432,1.181499492755174
1772937492.087352,1.7707102399614691
1772937492.0873606,2.2780515469179283
1772937492.0873692,2.2091210948498445
1772937492.0873775,1.6064811555286338
1772937492.087386,0.9670668976695654
1772937492.0873945,0.6155757814179015
1772937492.0874033,0.33124802240694773
1772937492.0874116,-0.29403379835881893
1772937492.0874202,-1.2131345149537265
1772937492.0874293,-1.8163938820679955
1772937492.0874376,-1.5405040409871353
1772937492.087446,-0.5125457770739101
1772937492.0874543,0.5012212644595543
1772937492.087463,0.783863802425911
1772937492.087472,0.2593668751153336
1772937492.0874808,-0.5717403462103899
1772937492.0874894,-1.177795406337227
1772937492.087498,-1.414747036307855
1772937492.0875063,-1.4696069381460861
1772937492.087515,-1.51974724631183
1772937492.0875237,-1.5185064641925834
1772937492.087532,-1.292069644692992
1772937492.0875409,-0.7963134293240914
1772937492.0875494,-0.256959155095273
1772937492.087558,-0.04222553358608184
1772937492.0875664,-0.3547359289300616
1772937492.0875747,-1.011905111844365
1772937492.0875835,-1.5571997939641213
1772937492.087592,-1.65954889827846
1772937492.0876007,-1.4293672019626213
1772937492.0876093,-1.2893452766224227
1772937492.087618,-1.489613769352223
1772937492.0876267,-1.8006566560498514
1772937492.087635,-1.778295339360286
1772937492.0876436,-1.3310578072076256
1772937492.087652,-0.9015976872938963
1772937492.0876603,-0.9864847877584368
1772937492.087669,-1.5380035560444216
1772937492.0876772,-1.9941664532728465
1772937492.0876858,-1.9370366256165195
1772937492.0876944,-1.5731542270139693
1772937492.0877092,-1.418237253482099
1772937492.087717,-1.580089125112629
1772937492.0877254,-1.5885363070039404
1772937492.0877335,-1.046043475199121
1772937492.0877416,-0.27587586948658843
1772937492.0877495,-0.06121335935198522
1772937492.0877576,-0.6947501271543172
1772937492.0877652,-1.4998520853440593
1772937492.0877736,-1.4894478807324123
1772937492.0877817,-0.4416108832083735
1772937492.56684,-0.8568547456167126
1772937492.56688,-0.2976889946089658
1772937492.566903,-0.01879131523351512
1772937492.5669262,-0.1346871416831965
1772937492.566946,-0.40351398615875833
1772937492.5669656,-0.5337571443614768
1772937492.5669856,-0.4417533251381456
1772937492.5670056,-0.2195496553364308
1772937492.5670252,0.05835348992785833
1772937492.567045,0.4112843579821696
1772937492.5670643,0.8406293778556417
1772937492.567073,1.2172934256388204
1772937492.567082,1.3393811587586153
1772937492.5670907,1.0970540582288477
1772937492.5670998,0.5542136236916456
1772937492.5671105,-0.1162071092031439
1772937492.567125,-0.7280160087301849
1772937492.567139,-1.1104235869450574
1772937492.5671537,-1.1283884841036564
1772937492.5671663,-0.7850268272768953
1772937492.5671809,-0.32764934480800945
1772937492.5671945,-0.16120645306477063
1772937492.5672052,-0.5391475918984686
1772937492.567214,-1.299599651719895
1772937492.5672228,-1.9513476123806768
1772937492.5672317,-2.0724520838416756
1772937492.56724,-1.6336192428491432
1772937492.5672486,-0.9298250147849335
1772937492.5672572,-0.2373730286117522
1772937492.5672657,0.4003200275666426
1772937492.5672743,1.0536391035694885
1772937492.5672865,1.6722125426820826
1772937492.5673,2.067663435777215
1772937492.5673144,2.1288244513457575
1772937492.5673237,1.967579593411283
1772937492.5673325,1.794627106054892
1772937492.567341,1.6949962393374078
1772937492.56735,1.6023852489826358
1772937492.5673585,1.481176325218878
1772937492.5673673,1.4220876643129188
1772937492.567376,1.482679637733822
1772937492.5673845,1.5051148079562378
1772937492.567393,1.2447959125468613
1772937492.5674014,0.7353398386206086
1772937492.56741,0.40921107673234847
1772937492.5674186,0.693748657557157
1772937492.5674272,1.460847573393561
1772937492.567436,2.007491275262277
1772937492.5674443,1.7108704723693957
1772937492.567453,0.692353555065747
1772937492.5674627,-0.27141150933973746
1772937492.5674715,-0.5373218287583478
1772937492.5674803,-0.22465313411409413
1772937492.5674925,0.005517941188129839
1772937492.5675066,-0.26565911958900623
1772937492.5675204,-0.7865488604381605
1772937492.5675344,-1.0250493554085642
1772937492.5675445,-0.854806281197537
1772937492.567553,-0.692013759720297
1772937492.5675616,-0.9429121233272683
1772937492.56757,-1.470676158338422
1772937492.5675788,-1.7454514221779045
1772937492.5675871,-1.4838027296884473
1772937492.5675955,-0.9849788237690654
1772937492.5676043,-0.7572738496724641
1772937492.567613,-0.9023282614032205
1772937492.5676217,-1.0112130255255367
1772937492.5676303,-0.6926939670344093
1772937492.567639,-0.09047679062396469
1772937492.5676475,0.23153861573400303
1772937492.567656,-0.09499029347791771
1772937492.5676644,-0.8287742732288137
1772937492.5676727,-1.355229994635224
1772937492.5676818,-1.2879900544472196
1772937492.5676904,-0.7905188763940025
1772937492.5676987,-0.3352632333342649
1772937492.5677073,-0.22167300148985958
1772937492.567716,-0.3546714316442706
1772937492.5677245,-0.43666499158619515
1772937492.567734,-0.30517042766913777
1772937492.5677428,-0.07628857169289054
1772937492.5677514,-0.005267208833920535
1772937492.56776,-0.23507429122148624
1772937492.5677688,-0.6597197061524036
1772937492.5677772,-1.0073039446592715
1772937492.567786,-1.0745766727393757
1772937492.5677946,-0.9224568635778797
1772937492.5678031,-0.8497785172022323
1772937492.5678117,-1.1334565998918102
1772937492.5678203,-1.749263940687072
1772937492.567833,-2.3437379126472333
1772937492.5678463,-2.508149578530252
1772937492.5678592,-2.1058942694101686
1772937492.5678701,-1.3513869900690554
1772937492.5678792,-0.601472506005169
1772937492.5678878,-0.10094510558728087
1772937492.5678964,0.09223633271425888
1772937492.567905,0.029089285898115578
1772937492.5679135,-0.18868114977341224
1772937492.567922,-0.40138311590807596
1772937492.5679307,-0.44049867705606266
1772937492.5679393,-0.2834404166347147
1772937492.567948,-0.14022051030059016
1772937492.5679567,-0.2864533260708074
1772937492.5679653,-0.7578028265876509
1772937492.5679739,-1.2630564806377886
1772937492.5679824,-1.4764207061931114
1772937492.5679913,-1.4060605426228876
1772937492.5680008,-1.3880309528110715
1772937492.5680096,-1.6722115129251838
1772937492.568018,-2.0775151581785165
1772937492.5680263,-2.1477075196480375
1772937492.568035,-1.6485635573294262
1772937492.5680437,-0.8242095078880607
1772937492.5680523,-0.11326903624268857
1772937492.568061,0.3211857149341272
1772937492.5680697,0.6803530068046417
1772937492.5680819,1.1608835885118378
1772937492.5680952,1.6250201909657436
1772937492.5681088,1.7386336296556957
1772937492.7175372,0.9302089333419142
1772937492.7175813,0.8000063418136354
1772937492.7176025,0.8821652326590858
1772937492.7176194,1.1404159207369606
1772937492.717626,1.3951451931803418
1772937492.7176323,1.4282814577064973
1772937492.7176392,1.1177309250753518
1772937492.7176456,0.5509960499466805
1772937492.7176533,0.03673255872927905
1772937492.7176592,-0.0640954070707947
1772937492.7176652,0.37805125320223204
1772937492.7176712,1.1118986427464104
1772937492.717677,1.6943125063265572
1772937492.717683,1.8860490425201242
1772937492.717689,1.843979838870337
1772937492.717695,1.8704292527492208
1772937492.7177007,1.9898239455157942
1772937492.717711,1.8765809640474562
1772937492.7177184,1.2784198478395472
1772937492.7177243,0.45321942140340077
1772937492.7177312,0.03704423131315173
1772937492.71774,0.3931640178310297
1772937492.717749,1.1538532351976691
1772937492.717758,1.53185990926816
1772937492.717767,1.1261118199759783
1772937492.7177756,0.3462746489039496
1772937492.7177842,-0.032424548914864376
1772937492.7177927,0.2938861564850978
1772937492.717802,0.846991939601651
1772937492.7178109,0.9048321954841466
1772937492.7178195,0.2714413917827666
1772937492.7178283,-0.5542910959709325
1772937492.7178369,-0.933831336317356
1772937492.7178454,-0.7106163685513246
1772937492.717854,-0.2551418558223481
1772937492.717863,0.008846936887680101
1772937493.210294,38358.335145626515
1772937493.2103307,19728.882086120786
1772937493.21036,-1757.977405817342
1772937493.2103894,-10236.006367168935
1772937493.2104132,-4341.205449046938
1772937493.2104504,4344.274209745189
1772937493.2104769,5415.880519573672
1772937493.210504,-230.726338559059
1772937493.2105308,-4305.387305474734
1772937493.2105572,-2239.0657708806093
1772937493.21059,2243.995277150566
1772937493.210602,3150.971575210957
1772937493.2106104,-83.09040753717535
1772937493.2106187,-2751.0361788598816
1772937493.210627,-1524.688443781665
1772937493.2106352,1528.7831696779613
1772937493.2106435,2249.7953262187148
1772937493.210652,-41.99843496069467
1772937493.2106602,-2049.3780883377394
1772937493.2106686,-1173.1460147347063
1772937493.210677,1173.6102027538827
1772937493.2106848,1773.3854512412024
1772937493.210693,-24.64065361350214
1772937493.2107012,-1655.4068203397078
1772937493.210709,-965.9836297111644
1772937493.2107177,966.9830645799937
1772937493.2107258,1485.4262798002665
1772937493.2107337,-15.667970353495452
1772937493.2107418,-1409.0685689659133
1772937493.21075,-833.1640533621363
1772937493.210758,834.46123003283
1772937493.210766,1296.4756379822177
1772937493.210774,-12.148518080793353
1772937493.210782,-1247.5449094433018
1772937493.21079,-745.6485843769839
1772937493.210798,744.4501338059559
1772937493.210806,1168.9329151167408
1772937493.210814,-7.473453708880166
1772937493.2108216,-1133.695382664138
1772937493.2108307,-682.4979444429614
1772937493.2108393,684.6323372123126
1772937493.2108476,1082.2902817543422
1772937493.2108555,-3.8657336053643814
1772937493.2108638,-1056.0236178043392
1772937493.210872,-640.867892951946
1772937493.2108805,641.564405839131
1772937493.2108884,1021.4717666257154
1772937493.2108965,-2.872037956882152
1772937493.2109044,-1005.31033462625
1772937493.2109125,-614.4847512570135
1772937493.2109206,612.6791453479566
1772937493.210929,982.1465880668592
1772937493.210937,-2.418109637688147
1772937493.210945,-974.3650827169736
1772937493.2109532,-598.1538753681732
1772937493.210961,598.3564583604672
1772937493.2109692,963.589352162464
1772937493.2109773,-1.011723524040397
1772937493.2109852,-961.5682757250637
1772937493.2109935,-594.109741814305
1772937493.2110016,592.8495393390887
1772937493.2110095,961.3953996908285
1772937493.2110176,2.1262887730446676
1772937493.2110257,-961.8814779451056
1772937493.211034,-596.8766308445237
1772937493.2110424,599.1038903092045
1772937493.2110515,974.9355859101785
1772937493.211064,2.7508447561949434
1772937493.211078,-982.0853423371364
1772937493.2110906,-612.8342466794984
1772937493.2110987,614.4477746356957
1772937493.2111063,1005.743230926913
1772937493.2111146,3.7275427492760547
1772937493.2111225,-1020.6353464194178
1772937493.2111304,-641.0969620622568
1772937493.2111385,641.1062335947505
1772937493.2111464,1056.4864677642292
1772937493.2111545,4.78281411495118
1772937493.2111623,-1081.171944377712
1772937493.2111704,-683.7512476824295
1772937493.2111783,682.97260910163
1772937493.2111864,1133.9243763011532
1772937493.2111945,7.5775926427436175
1772937493.2112024,-1169.1862494135687
1772937493.2112105,-745.499153213562
1772937493.211219,743.631730302433
1772937493.2112272,1244.95132897889
1772937493.2112353,9.739070315980547
1772937493.2112434,-1298.096250203622
1772937493.2112513,-835.2588890584224
1772937493.2112591,832.681291516927
1772937493.2112672,1408.2952798179224
1772937493.211275,14.415990666877134
1772937493.2112832,-1486.755967221748
1772937493.2112913,-967.7281787208274
1772937493.2112997,966.1840685289626
1772937493.2113073,1656.3129991490923
1772937493.211316,25.648144714170368
1772937493.211324,-1772.7167909729508
1772937493.211332,-1173.2539197638198
1772937493.2113397,1173.5186649673171
1772937493.2113476,2050.0430151987193
1772937493.2113557,43.047855830574086
1772937493.2113636,-2248.3224368105057
1772937493.2113717,-1526.8357223884586
1772937493.2113798,1527.0054048357463
1772937493.2113879,2753.34214711144
1772937493.2113957,84.99811171426583
1772937493.2114036,-3149.3804253635176
1772937493.2114117,-2242.0956328467582
1772937493.2114198,2241.84852909791
1772937493.2114277,4308.86382923148
1772937493.2114356,233.93223769456733
1772937493.2114437,-5413.887530254351
1772937493.2114515,-4343.624550633111
1772937493.2114596,4341.147690266856
1772937493.2114675,10235.874760015602
1772937493.2114756,1757.7989273819403
1772937493.2114837,-19729.525478016836
1772937493.2114916,-38359.70376919481
1772937493.6897428,33.69064875215849
1772937493.689785,55.62395179919996
1772937493.6898115,-1.271827287398356
1772937493.6898377,-58.59464824714746
1772937493.6898644,-37.39717837985237
1772937493.689891,32.964982987917764
1772937493.6899233,55.37051711962455
1772937493.6899495,-0.9279722880694353
1772937493.6899765,-57.67338860384894
1772937493.690003,-35.64551289263065
1772937493.6900296,35.532893922715466
1772937493.690056,57.80580618363046
1772937493.6900644,0.20982747739328625
1772937493.6900723,-57.61073308019602
1772937493.6900806,-34.926537575656376
1772937493.6900892,38.0201152235975
1772937493.690097,60.76571080284042
1772937493.6901052,1.221652586197917
1772937493.6901135,-59.02896915584523
1772937493.6901217,-36.583803345889784
1772937493.6901295,38.100702062512596
1772937493.6901376,61.63311311006264
1772937493.690146,0.3780199339422695
1772937493.6901543,-61.83508514592631
1772937493.6901624,-38.55023884480752
1772937493.6901703,39.10719029693369
1772937493.6901784,63.828117108898866
1772937493.6901865,0.15868671896823958
1772937493.6901944,-64.89786113867576
1772937493.6902025,-40.79919849185212
1772937493.6902103,40.48711443307544
1772937493.6902187,66.59445114783829
1772937493.6902268,-0.3232751412816331
1772937493.690235,-69.2954526343656
1772937493.690243,-44.52892888346909
1772937493.690252,41.282145520744045
1772937493.6902602,69.86400893458611
1772937493.690268,0.512436621146943
1772937493.690276,-71.39472571443932
1772937493.6902835,-44.66257711167444
1772937493.6902916,46.051128379665606
1772937493.6902995,75.00109614700426
1772937493.690308,-0.9461896683341579
1772937493.690316,-79.14236190473433
1772937493.6903243,-50.322183079289665
1772937493.6903324,48.50082038444041
1772937493.6903403,81.11318514886095
1772937493.6903484,-0.2843286900284747
1772937493.6903565,-85.10056277534864
1772937493.6903646,-54.04537801512249
1772937493.6903725,53.76111501884118
1772937493.6903808,89.9859830843075
1772937493.6903887,1.3872500929490734
1772937493.6903968,-91.78835229911901
1772937493.690405,-58.19468551545539
1772937493.6904132,60.208988625747885
1772937493.6904209,100.10851274813835
1772937493.690429,1.822602296305202
1772937493.6904368,-101.99139052272467
1772937493.6904447,-64.79527855568932
1772937493.6904528,67.6553165967825
1772937493.6904607,112.80555706080372
1772937493.6904688,2.6043843719145587
1772937493.690477,-114.52012688714389
1772937493.6904855,-72.51209786031052
1772937493.6904938,78.10362245171633
1772937493.690502,129.9018886742712
1772937493.69051,3.7004981675323507
1772937493.690518,-131.7821053487733
1772937493.690526,-84.64849800459017
1772937493.690534,89.22361592984919
1772937493.690542,150.25259456646214
1772937493.69055,3.99854311510593
1772937493.6905577,-155.15067351566094
1772937493.690566,-101.41822292005142
1772937493.690574,103.03227079520786
1772937493.690582,176.71497002217833
1772937493.69059,4.742822721642016
1772937493.690598,-184.90813806174398
1772937493.690606,-121.48774012448062
1772937493.690614,124.23903942053103
1772937493.690622,213.86411043552835
1772937493.6906304,4.623207970143904
1772937493.6906383,-228.67832384834608
1772937493.6906464,-151.73565430801
1772937493.6906545,153.49106986456044
1772937493.6906624,267.6301240901322
1772937493.6906705,6.201259750331117
1772937493.6906784,-290.1502504804061
1772937493.6906862,-193.8745902382186
1772937493.690694,199.232110156768
1772937493.690702,350.46759928524426
1772937493.69071,9.778904147798746
1772937493.6907184,-385.6888127008055
1772937493.6907265,-263.4190806589037
1772937493.6907344,265.92728008803414
1772937493.6907423,478.9991509702789
1772937493.6907501,14.9955582445128
1772937493.690758,-541.3936817679174
1772937493.690766,-377.67323679052515
1772937493.6907735,382.81459735445344
1772937493.6907816,707.6943888894695
1772937493.6907897,29.49116451631694
1772937493.6907976,-823.9310466362755
1772937493.690806,-596.0392554920819
1772937493.6908138,602.0986770175116
1772937493.6908216,1161.9159767495842
1772937493.6908295,62.42742222277117
1772937493.6908376,-1434.2099086923888
1772937493.6908457,-1102.3034655768486
1772937493.6908536,1109.6615612428939
1772937493.690862,2322.4227192501526
1772937493.69087,194.38579646473318
1772937493.690878,-3220.8162151843117
1772937493.6908855,-2848.3451965267986
1772937493.6908937,2855.7772019001955
1772937493.6909018,7546.065494356445
1772937493.6909099,1677.2399068999323
1772937493.6909177,-16634.292123430547
1772937493.6909258,-36150.05603367116
1772937493.9082491,1.7525666594324962
1772937493.9082916,1.711155925357492
1772937493.908324,1.3913606931859992
1772937493.90835,1.0447846134013992
1772937493.9083688,1.0105404542709704
1772937493.9083772,1.3179963859447759
1772937493.9083855,1.731642063573241
1772937493.9083936,2.05306306896456
1772937493.9084017,2.224498898559507
1772937493.9084103,2.1892916003342044
1772937493.9084187,1.8601273307394914
1772937493.9084272,1.322450606047572
1772937493.9084356,0.9332045480836385
1772937493.908444,1.0330771549171804
1772937493.908452,1.5572288373849406
1772937493.9084609,2.074653255025011
1772937493.9084702,2.2713155335856
1772937493.9084785,2.2768722978085516
1772937493.9084868,2.4039142455426283
1772937493.9084952,2.654272690251568
1772937493.9085033,2.6823687550303132
1772937493.9085112,2.2876966606739217
1772937493.9085195,1.7536997772229983
1772937493.9085276,1.5203617502528324
1772937493.9085357,1.5920565589885318
1772937493.9085436,1.4971137920464395
1772937493.9085515,0.9118011491520477
1772937493.908559,0.14827034592608948
1772937493.9085672,-0.16310437459810828
1772937493.9085753,0.1831184259121858
1772937493.9085832,0.7534068351091704
1772937493.908592,1.050169335450223
1772937493.9086006,1.0890180900793405
1772937493.9086087,1.2137938797086532
1772937493.9086163,1.456799764976562
1772937493.9086244,1.4011614438973916
1772937493.9086325,0.8012266148922133
1772937493.9086404,0.09926766137466222
1772937493.9086485,0.01729742907330501
1772937493.9086564,0.6421223961750068
1772937493.9086645,1.2111311079837037
1772937493.9086723,0.9927240616646823
1772937493.9086804,0.21453157208380907
1772937493.9086883,-0.16476928032363367
1772937493.9086964,0.3869334521787713
1772937493.9087305,1.329226368453673
1772937493.9087386,1.7435379029932396
1772937493.9087465,1.4889822368799666
1772937493.9087543,1.330547645418753
1772937493.9087625,1.8581116379941904
1772937493.9087703,2.5855506855299213
1772937493.9087784,2.428121021462273
1772937493.924328,1.020943755922438
1772937494.3983395,2.3884157608206307
1772937494.3983805,1.7072776767964206
1772937494.3984067,1.3499782076571227
1772937494.3984344,1.553696302426502
1772937494.3984616,1.9859537728628718
1772937494.3984885,2.2806979701400496
1772937494.3985157,2.3977277494369384
1772937494.3985565,2.423301739059155
1772937494.398589,2.2511049510579797
1772937494.3986156,1.6965453015159133
1772937494.39863,0.9002615184106505
1772937494.3986435,0.379167319105454
1772937494.3986568,0.5108606821436129
1772937494.3986685,1.040717793119443
1772937494.3986788,1.2830307384851172
1772937494.3986874,0.8699212420455739
1772937494.3986962,0.19472676936661662
1772937494.3987043,0.012150424194857123
1772937494.3987122,0.6356201437018459
1772937494.3987205,1.6276630959131309
1772937494.3987284,2.281315776602359
1772937494.398736,2.2937191583594148
1772937494.3987443,1.900253205700716
1772937494.3987527,1.4436301645796001
1772937494.3987608,0.9785422439238001
1772937494.3987687,0.3447779076712727
1772937494.3987768,-0.4971588410089762
1772937494.3987849,-1.3448928171605468
1772937494.3987927,-1.9631300486001226
1772937494.3988008,-2.3006935368516803
1772937494.3988087,-2.445100623243667
1772937494.3988185,-2.439223002498366
1772937494.3988314,-2.2486826208689146
1772937494.3988428,-1.9081508022278602
1772937494.398854,-1.5965607909093678
1772937494.398865,-1.493608884206125
1772937494.398877,-1.5918261384678585
1772937494.3988883,-1.714221138441898
1772937494.398901,-1.7118535532438546
1772937494.3989124,-1.5817143819912227
1772937494.3989227,-1.3793989696129878
1772937494.398935,-1.1014285814569162
1772937494.3989463,-0.73892679841195
1772937494.3989584,-0.4134282716811614
1772937494.3989706,-0.3284637815053808
1772937494.3989823,-0.5074078353613561
1772937494.398996,-0.6473598376678904
1772937494.3990052,-0.37281586134707934
1772937494.399013,0.3085910267971883
1772937494.3990211,0.879031935482293
1772937494.3990338,0.748223360747593
1772937494.399053,-0.1502793582325812
1772937494.3990672,-1.2447473537619298
1772937494.3990796,-1.8427039589592902
1772937494.3990896,-1.7503705839530324
1772937494.3990984,-1.3662070560761945
1772937494.3991072,-1.202393896249943
1772937494.3991156,-1.3786629777430497
1772937494.3991241,-1.593395590752737
1772937494.3991327,-1.5169378069572064
1772937494.3991416,-1.1344629180869636
1772937494.39915,-0.7080705911101141
1772937494.3991585,-0.4803137176241142
1772937494.3991673,-0.470250321724564
1772937494.399176,-0.5328491964165423
1772937494.399186,-0.5503919146605657
1772937494.399195,-0.5382883049791566
1772937494.3992035,-0.5939988103790967
1772937494.3992124,-0.7761434610995335
1772937494.399221,-1.0283824872094023
1772937494.3992295,-1.202424839449465
1772937494.3992383,-1.168116615576316
1772937494.399247,-0.9377161845265919
1772937494.3992558,-0.6902976445806313
1772937494.3992674,-0.6345682925780591
1772937494.3992813,-0.8093826594189543
1772937494.3992944,-1.0336350916114578
1772937494.3993032,-1.0976666389966236
1772937494.3993118,-1.0089727209947579
1772937494.3993204,-0.9941963241409345
1772937494.399329,-1.2131386834750448
1772937494.3993375,-1.5069717356166796
1772937494.399346,-1.5193436970339622
1772937494.3993547,-1.1059088741048477
1772937494.3993635,-0.5601825905309942
1772937494.3993723,-0.3388728281850323
1772937494.3993816,-0.548628519006082
1772937494.39939,-0.7825557758968713
1772937494.3993983,-0.5350604107908978
1772937494.399407,0.2418211833611806
1772937494.3994155,1.062667000731003
1772937494.3994243,1.3973226646377181
1772937494.399433,1.1697429250626574
1772937494.3994417,0.7285291392282914
1772937494.3994544,0.3871740996593651
1772937494.3994684,0.11130928981520703
1772937494.3994837,-0.3101227443149367
1772937494.399498,-0.89502175401863
1772937494.3995092,-1.3978764301674886
1772937494.3995175,-1.603070429576383
1772937494.3995264,-1.5610745399463635
1772937494.3995347,-1.4497610515694923
1772937494.3995433,-1.2770685631483547
1772937494.3995516,-0.8704627740765222
1772937494.3995607,-0.19601101165669643
1772937494.3995693,0.4452913932412377
1772937494.399578,0.6820930757902238
1772937494.3995867,0.5110811375672665
1772937494.3995953,0.3143069296468361
1772937494.3996036,0.35134819727865974
1772937494.3996124,0.344598243614244
1772937494.399621,-0.2321701481715153
1772937494.3996294,-1.3954034783585016
1772937494.399638,-2.34124439098757
1772937494.3996465,-2.1078682059896283
1772937494.399655,-0.6159233880473483
1772937494.3996637,1.0555489711285417
1772937494.3996775,1.5598489574765042
1772937494.399692,0.4879277376377849
1772937494.3997061,-1.321988647553141
1772937494.8800635,0.35256337630389906
1772937494.8801045,0.6497138010961199
1772937494.880134,1.3148778293237406
1772937494.880164,1.8988793775872632
1772937494.8801868,2.0994950827158902
1772937494.8802135,1.8289917310542068
1772937494.880241,1.1894489980853713
1772937494.8802729,0.4546924568615559
1772937494.8802996,-0.032256837379149375
1772937494.8803272,-0.10052875218828058
1772937494.8803575,0.061512876724216084
1772937494.880384,0.03694861561226844
1772937494.8803923,-0.40922380450817175
1772937494.8804004,-1.0343586788086798
1772937494.8804088,-1.2847670211539248
1772937494.8804169,-0.8110607407936063
1772937494.8804252,0.1653521306776097
1772937494.880433,1.0052111541431834
1772937494.8804414,1.1804262609759384
1772937494.8804495,0.6752334636691707
1772937494.8804574,-0.09109778250868208
1772937494.8804655,-0.689400833986172
1772937494.8804736,-1.0132841752596307
1772937494.880482,-1.2248391825182003
1772937494.88049,-1.4338887207444455
1772937494.8804984,-1.4891000595396562
1772937494.8805068,-1.121142516921117
1772937494.880515,-0.29800903869648315
1772937494.8805232,0.5913527115325931
1772937494.8805313,0.9708279561334343
1772937494.8805392,0.5678300345968849
1772937494.8805473,-0.29179021769893426
1772937494.880556,-0.9095070659824422
1772937494.8805645,-0.8142646485773246
1772937494.8805723,-0.2057630900863837
1772937494.8805811,0.19388829844511418
1772937494.8805892,-0.21811983211501787
1772937494.8805974,-1.3682190980613922
1772937494.8806052,-2.558587515456725
1772937494.880613,-3.087358885070736
1772937494.8806212,-2.8534166672649097
1772937494.8806293,-2.3781617529638037
1772937494.8806372,-2.2445493400600767
1772937494.8806453,-2.518141537682779
1772937494.8806531,-2.719977781433616
1772937494.8806615,-2.3656394141917345
1772937494.8806694,-1.5224727803296774
1772937494.8806777,-0.821783822947244
1772937494.8806856,-0.9019280777573597
1772937494.8806934,-1.8141498700923255
1772937494.8807013,-2.9538512858047303
1772937494.8807092,-3.5707056859684334
1772937494.880717,-3.372098960929185
1772937494.880725,-2.683061026645399
1772937494.8807328,-2.0794543421523066
1772937494.8807411,-1.8959950576793325
1772937494.8807492,-2.0594093394311184
1772937494.880757,-2.3131153269263365
1772937494.880765,-2.5164794384124254
1772937494.8807728,-2.702787539226056
1772937494.880781,-2.9071004102272027
1772937494.8807895,-3.0318538184140045
1772937494.880798,-2.9301331922115477
1772937494.880806,-2.5931373598637055
1772937494.880814,-2.1923321517161587
1772937494.880822,-1.9042146597088059
1772937494.88083,-1.715466895972585
1772937494.880838,-1.4432540900835016
1772937494.880846,-0.9629410522960017
1772937494.880854,-0.3937953826828176
1772937494.8808618,-0.02987446702968788
1772937494.8808699,-0.07699546964146856
1772937494.8808775,-0.46251991223564154
1772937494.8808856,-0.9017495488007807
1772937494.8808937,-1.134950711239531
1772937494.8809016,-1.0897753755339945
1772937494.8809097,-0.8351190202742896
1772937494.8809175,-0.43213549749524394
1772937494.8809257,0.11644930727606817
1772937494.8809338,0.7644236060204244
1772937494.8809416,1.3222099072064055
1772937494.8809495,1.5323833904163682
1772937494.8809571,1.287120391120961
1772937494.880965,0.7560902545425435
1772937494.880973,0.2523360333415888
1772937494.880981,-0.054251903057173284
1772937494.880989,-0.27232140998136406
1772937494.8809972,-0.6128395484381898
1772937494.881005,-1.0941685113276176
1772937494.8810132,-1.481678123353107
1772937494.8810215,-1.55938671178165
1772937494.88103,-1.4214890046715882
1772937494.881038,-1.4010606266202636
1772937494.8810458,-1.6605068672782142
1772937494.8810537,-1.910099448788134
1772937494.8810616,-1.6449318174943424
1772937494.88107,-0.714150236063338
1772937494.881078,0.39902300612753105
1772937494.8810866,0.9550235423319654
1772937494.8810947,0.6500871487519319
1772937494.8811026,-0.09365409616299496
1772937494.8811421,-0.5432503530907107
1772937494.8811505,-0.3305881544459684
1772937494.8811584,0.297450011774279
1772937494.8811667,0.8315827383933021
1772937494.8811748,0.9959428142335247
1772937494.881183,0.8802339703354148
1772937494.8811908,0.7057690409523744
1772937494.881199,0.6033346348224202
1772937494.881207,0.6160390917002805
1772937494.881215,0.7612232656786079
1772937494.881223,0.9572192865407945
1772937494.8812308,0.9441789241951632
1772937494.8812392,0.45972485155490833
1772937494.8812473,-0.40943477058101546
1772937494.8812551,-1.1426640475570393
1772937494.8812635,-1.2075988449815749
1772937494.8812716,-0.6021212719331834
1772937494.8812797,0.12260304085233707
1772937494.8812892,0.4473657051532057
1772937494.8812976,0.42396663658938066
1772937495.3594935,1.384468625921402
1772937495.3595357,1.4316014256706235
1772937495.3595624,1.4626561956670527
1772937495.359589,1.758032505610195
1772937495.3596156,2.4368708474611593
1772937495.3596423,3.1927884593540896
1772937495.359669,3.427950124907976
1772937495.3596957,2.795467901240306
1772937495.3597221,1.635355281617185
1772937495.3597488,0.77027293989286
1772937495.359775,0.7614327963121648
1772937495.3598015,1.3600132323932708
1772937495.35981,1.7621082653033533
1772937495.3598185,1.4379514707130254
1772937495.3598263,0.6611223169463344
1772937495.359835,0.1670734322981532
1772937495.3598435,0.3259070523542796
1772937495.3598516,0.7545153130658468
1772937495.35986,0.7912442991534806
1772937495.359868,0.2733985542228193
1772937495.3598764,-0.27953253287853247
1772937495.3598845,-0.2776819637882831
1772937495.359893,0.25098190675341064
1772937495.3599012,0.6888609688702506
1772937495.3599093,0.5206730272252224
1772937495.3599172,-0.12651748668666676
1772937495.3599253,-0.7010756080343976
1772937495.359938,-0.897646352126241
1772937495.359948,-0.9603742064870425
1772937495.3599565,-1.278654317299091
1772937495.3599644,-1.8097378703810454
1772937495.3599725,-2.0644819256429274
1772937495.3599904,-1.6874342517848577
1772937495.3599987,-0.920765876863716
1772937495.360007,-0.37110882657673666
1772937495.360015,-0.34013157258674387
1772937495.3600228,-0.5093989661220043
1772937495.360031,-0.34834466079716
1772937495.3600392,0.24419516957628917
1772937495.360047,0.8184889725740743
1772937495.3600552,0.8967631179170023
1772937495.3600633,0.5125014765986111
1772937495.3600714,0.14908469886323217
1772937495.3600798,0.18163526588354562
1772937495.360088,0.4785367033067609
1772937495.3600962,0.5840073079914834
1772937495.360104,0.2233184428180322
1772937495.360112,-0.43610354866855516
1772937495.3601198,-0.9815283773153471
1772937495.3601277,-1.1142622616568245
1772937495.3601356,-0.8039108181588329
1772937495.3601437,-0.20479172753262107
1772937495.3601515,0.45777396089354416
1772937495.3601592,0.9365325768686615
1772937495.3601673,1.0463725120274343
1772937495.3601751,0.8198670501761246
1772937495.3601844,0.5556139293804206
1772937495.3601925,0.5974804260233803
1772937495.3602006,1.0005837406419724
1772937495.3602087,1.4528351076646304
1772937495.3602169,1.585401829555765
1772937495.3602247,1.352480021128596
1772937495.3602324,1.052802085108673
1772937495.3602405,0.971505234169387
1772937495.3602486,1.0636523155426738
1772937495.360257,1.038717935301086
1772937495.3602648,0.719794572260618
1772937495.360273,0.24359697111567544
1772937495.3602808,-0.10317756466796772
1772937495.3602889,-0.17073964045559872
1772937495.3602967,-0.018366400888393173
1772937495.3603048,0.23912349241667336
1772937495.3603127,0.5408962451037858
1772937495.3603203,0.8066723245029591
1772937495.3603287,0.8611587506455921
1772937495.3603363,0.5654909571388272
1772937495.3603444,0.041202551916788906
1772937495.3603525,-0.3452081129623343
1772937495.3603601,-0.32804239020862364
1772937495.3603683,-0.0724025902304536
1772937495.360376,-0.07931682840630037
1772937495.3603837,-0.703176158630833
1772937495.360392,-1.7676666091752817
1772937495.3603997,-2.6822437787230675
1772937495.3604078,-2.9368019151238083
1772937495.3604164,-2.485785892375974
1772937495.3604248,-1.7019413245765216
1772937495.3604329,-1.030680579732082
1772937495.3604407,-0.6962190029451665
1772937495.3604488,-0.6466214583007414
1772937495.3604567,-0.6699094941454814
1772937495.3604648,-0.5505537203197607
1772937495.3604732,-0.20866034225042746
1772937495.3604815,0.2256380722001926
1772937495.3604896,0.49236026874482003
1772937495.3604977,0.4420629367123396
1772937495.3605056,0.23479686294450955
1772937495.3605134,0.2414345837435094
1772937495.3605213,0.6656163094063824
1772937495.3605297,1.2561747772614458
1772937495.3605375,1.4661456936041668
1772937495.3605459,0.9694577341153082
1772937495.3605535,0.03567912232778315
1772937495.3605618,-0.6347903738726732
1772937495.3605697,-0.48407500878588633
1772937495.3605778,0.4437931163675718
1772937495.3605857,1.54242539900972
1772937495.360594,2.0958547894220083
1772937495.360602,1.751619579260187
1772937495.36061,0.7014863481306904
1772937495.360618,-0.4757521568071945
1772937495.3606265,-1.173018421472079
1772937495.3606343,-1.120676989265062
1772937495.360642,-0.5486772327072765
1772937495.3606503,-0.00037952342767010803
1772937495.360659,0.10973122363261505
1772937495.3606668,-0.169220849392617
1772937495.3606749,-0.4339556994394201
1772937495.3606827,-0.395193016876523
1772937495.3606908,-0.20510648189673578
1772937495.8404436,-0.046019226916487244
1772937495.8404856,0.1434309392277929
1772937495.8405116,-0.012874165583762988
1772937495.8405385,-0.3912606068784943
1772937495.8405652,-0.6434201658474766
1772937495.840592,-0.5454118156645578
1772937495.8406188,-0.21922567211375094
1772937495.8406448,0.0030230843312225772
1772937495.8406715,-0.07998933766075143
1772937495.8406985,-0.3575792165882621
1772937495.8407247,-0.563483681235718
1772937495.8407516,-0.5756585052977545
1772937495.8407607,-0.519769277583508
1772937495.8407688,-0.5705137588191976
1772937495.8407772,-0.6911761472258887
1772937495.8407853,-0.625848903624705
1772937495.840796,-0.17815600973426904
1772937495.8408043,0.5191608218590708
1772937495.8408122,1.0547369571831162
1772937495.8408203,1.0917955686249838
1772937495.840829,0.6770317407650343
1772937495.8408372,0.1836349605277905
1772937495.8408456,-0.06380663669330099
1772937495.8408587,-0.10248519279405392
1772937495.8408687,-0.26198330166938355
1772937495.8408773,-0.7886410096878856
1772937495.8408859,-1.5581327924415578
1772937495.8408945,-2.173422915507209
1772937495.8409026,-2.3405030076181546
1772937495.840911,-2.1358197092051148
1772937495.8409193,-1.911039030403318
1772937495.8409271,-1.956887232298654
1772937495.8409352,-2.2603467573585414
1772937495.8409433,-2.5488285569522593
1772937495.8409517,-2.5254592024396008
1772937495.8409595,-2.0757844951142106
1772937495.840968,-1.329369272325255
1772937495.840976,-0.5955697522259575
1772937495.840984,-0.2165062874685442
1772937495.840992,-0.3683929681021101
1772937495.8410003,-0.9100023212375309
1772937495.8410084,-1.4412814265693594
1772937495.8410163,-1.6106095256370159
1772937495.8410244,-1.4330972775996307
1772937495.8410325,-1.2776022257192776
1772937495.8410406,-1.470306430103844
1772937495.8410485,-1.9010664084987923
1772937495.8410563,-2.086750903345975
1772937495.8410642,-1.6801265224192494
1772937495.8410723,-0.8917726333809365
1772937495.841109,-0.33635962721635093
1772937495.8411171,-0.4313824058279325
1772937495.8411257,-0.9860087117999855
1772937495.841134,-1.4209714859958908
1772937495.841142,-1.3640209652153645
1772937495.8411503,-0.9654356631640376
1772937495.841158,-0.6267833792819065
1772937495.8411665,-0.5082951853740938
1772937495.8411744,-0.3894873171308449
1772937495.8411825,0.0048872304399188524
1772937495.8411903,0.6467463814370553
1772937495.8411984,1.2324176456086444
1772937495.8412063,1.5120351464429709
1772937495.8412144,1.496505400293777
1772937495.8412223,1.3317300848808924
1772937495.8412304,1.0711266224222842
1772937495.8412385,0.6665499150071469
1772937495.8412468,0.1542262022404109
1772937495.8412547,-0.27290245327153273
1772937495.8412628,-0.45165730854589003
1772937495.8412707,-0.455078980807925
1772937495.8412786,-0.5108275660902224
1772937495.8412864,-0.691166682769179
1772937495.8412943,-0.7668903478785037
1772937495.8413024,-0.4561436490420025
1772937495.8413105,0.19078701274941184
1772937495.8413181,0.7391606331190685
1772937495.841326,0.7580940927519116
1772937495.841334,0.23965210120213032
1772937495.841342,-0.4131261020818422
1772937495.8413503,-0.8044362665621905
1772937495.841359,-0.8925407097174115
1772937495.8413675,-0.8975722877255203
1772937495.8413756,-0.9311698331221092
1772937495.8413837,-0.8238577741655656
1772937495.8413916,-0.36605037722203726
1772937495.8413997,0.3328475391833741
1772937495.841408,0.8189767738489798
1772937495.841416,0.6792353852127833
1772937495.841424,-0.05269497175939307
1772937495.841432,-0.8922182639470784
1772937495.84144,-1.3030370350213545
1772937495.841448,-1.1011129920970102
1772937495.841456,-0.5020257543439745
1772937495.841464,0.1587343204654834
1772937495.841472,0.7007620522328217
1772937495.84148,1.1171895339919262
1772937495.841488,1.4034555595333444
1772937495.841496,1.450427877822607
1772937495.841504,1.135727949679198
1772937495.841512,0.49636388006489235
1772937495.84152,-0.22403555627146046
1772937495.841528,-0.7118484369612698
1772937495.8415363,-0.7687766945456719
1772937495.8415444,-0.3878673140576862
1772937495.8415525,0.29430533042135193
1772937495.8415604,1.0676652409773733
1772937495.8415685,1.6826894815512046
1772937495.8415763,1.9045833588190748
1772937495.8415844,1.6433420707268656
1772937495.8415928,1.0743440878490782
1772937495.841601,0.575408594540531
1772937495.8416092,0.44476139289247785
1772937495.841617,0.6274014210515326
1772937495.8416252,0.7510455642017055
1772937495.8416336,0.4997147049713718
1772937495.8416417,-0.0226320742362027
1772937495.8416495,-0.3372526189427606
1772937495.8416574,-0.05115984064403881
1772937495.8416655,0.7123126099110831
1772937496.3198917,0.880754918524956
1772937496.3199406,0.2976567406473185
1772937496.3199692,0.02103442493380385
1772937496.3199975,0.330509133952369
1772937496.320026,0.8122394126030021
1772937496.3200548,0.7702294743390379
1772937496.3200831,-0.02926789007261837
1772937496.320112,-1.0999651703853994
1772937496.3201404,-1.7296383407043436
1772937496.3201692,-1.668239997036665
1772937496.3201976,-1.2912788915863267
1772937496.3202243,-1.1436051749371394
1772937496.3202336,-1.4145622331407262
1772937496.3202426,-1.8619662672650534
1772937496.3202517,-2.135596225292067
1772937496.3202608,-2.0675448000929797
1772937496.3202696,-1.679549726154618
1772937496.3202784,-1.0615954211604988
1772937496.3202872,-0.3594744774729412
1772937496.3203003,0.1661061617236044
1772937496.3203118,0.22973820214123156
1772937496.320321,-0.2162309387975921
1772937496.32033,-0.835645914741496
1772937496.3203397,-1.1320741853279328
1772937496.3203485,-0.8893667989999429
1772937496.3203576,-0.38081368641176233
1772937496.3203664,-0.10318333328002394
1772937496.3203764,-0.29599377526215087
1772937496.3203852,-0.7380767752765074
1772937496.3203943,-1.0077592934347006
1772937496.320403,-0.9007694758320364
1772937496.3204124,-0.5691676040527385
1772937496.3204207,-0.2894200843608365
1772937496.3204296,-0.16822470531410666
1772937496.320438,-0.10869179402355071
1772937496.3204465,-0.01808030597235677
1772937496.3204553,0.03548501008439928
1772937496.320464,-0.0854603791607849
1772937496.3204725,-0.3692356023101336
1772937496.3204813,-0.5873037841983972
1772937496.32049,-0.47974568214863167
1772937496.3204987,-0.005564684624531992
1772937496.3205073,0.6063129002677394
1772937496.320516,1.0567403890014002
1772937496.3205256,1.2191265282462431
1772937496.3205342,1.187459979546005
1772937496.3205428,1.1073163370053178
1772937496.3205512,0.9906429145482143
1772937496.3205607,0.7159650828338938
1772937496.3205695,0.20610247411213709
1772937496.3205788,-0.41827683088051015
1772937496.3205876,-0.8880407436497878
1772937496.3205965,-1.0040068911862983
1772937496.3206048,-0.809922736868617
1772937496.3206134,-0.5455009986290906
1772937496.3206217,-0.4263829682071313
1772937496.3206303,-0.47186509887465433
1772937496.320639,-0.5450205467798794
1772937496.3206477,-0.5415021930198837
1772937496.3206563,-0.5067766875494288
1772937496.3206654,-0.548708017005692
1772937496.3206742,-0.6517745756890723
1772937496.3206828,-0.6254631291880475
1772937496.3206916,-0.2812861563364114
1772937496.3207004,0.3300134888707007
1772937496.3207088,0.8859851009293908
1772937496.3207176,1.0351267400496773
1772937496.3207262,0.692629494411704
1772937496.3207347,0.09255743397489684
1772937496.320743,-0.4608457932796844
1772937496.320752,-0.8879679828992848
1772937496.3207605,-1.3666213850853979
1772937496.3207688,-2.0661919307145875
1772937496.3207777,-2.8641393374260957
1772937496.3207862,-3.355469517434335
1772937496.3207948,-3.171944644512424
1772937496.3208034,-2.312796439895128
1772937496.3208127,-1.1743530544816425
1772937496.3208213,-0.25852702708173914
1772937496.32083,0.16571746249877287
1772937496.3208387,0.16536119957767495
1772937496.3208473,-0.018120618189376755
1772937496.320856,-0.19033305279341464
1772937496.3208644,-0.2904357158066129
1772937496.3208733,-0.3370722178411696
1772937496.3208818,-0.3609003329160794
1772937496.3208904,-0.39968881315476185
1772937496.3208992,-0.5070183679708214
1772937496.3209076,-0.707150780730656
1772937496.3209162,-0.9323340850625756
1772937496.3209248,-1.0459229406367283
1772937496.320933,-0.9701218886121696
1772937496.320942,-0.7922895915984891
1772937496.320951,-0.7106565444546852
1772937496.3209596,-0.8444158360226528
1772937496.3209684,-1.09680672074754
1772937496.3209767,-1.2246017243253895
1772937496.3209853,-1.0563097692179226
1772937496.320994,-0.6440130790769064
1772937496.3210025,-0.20462859727391422
1772937496.3210113,0.07503656032826825
1772937496.32102,0.16867114377986536
1772937496.3210285,0.16718263843520367
1772937496.3210368,0.14383198058848748
1772937496.3210456,0.08826256603564804
1772937496.321054,-0.03147505685079028
1772937496.321063,-0.1694854460250084
1772937496.321072,-0.19096223442025417
1772937496.3210807,0.024460675246938082
1772937496.3210893,0.4572036572054042
1772937496.3210976,0.9169729811431881
1772937496.3211064,1.1467534241385782
1772937496.3211153,0.9960542645147415
1772937496.3211236,0.5395930899886798
1772937496.3211322,0.0435732841627995
1772937496.3211408,-0.21581130729897932
1772937496.321149,-0.15673644931739766
1772937496.3211577,0.0475747000152536
1772937496.3211665,0.11951179065725864
1772937496.3211749,-0.07456871585529956
1772937496.7796867,0.06582046967655651
1772937496.779726,0.03808483842706846
1772937496.7797525,-0.223931767837433
1772937496.779779,-0.706197903351625
1772937496.779806,-1.2521617632620752
1772937496.779833,-1.5548913161581213
1772937496.77986,-1.3026249906723748
1772937496.7798867,-0.44678285127220935
1772937496.7799134,0.6373360870564774
1772937496.7799404,1.324534601539368
1772937496.7799666,1.185569344340351
1772937496.7799757,0.3372369935823406
1772937496.7799842,-0.6359186915983055
1772937496.7799928,-1.1389311303479572
1772937496.7800007,-1.0054890058379709
1772937496.780013,-0.557066601866162
1772937496.7800236,-0.2788278447052716
1772937496.780032,-0.42032935366244434
1772937496.78004,-0.832659124507634
1772937496.7800481,-1.122907889861238
1772937496.7800565,-0.9794212485475813
1772937496.7800643,-0.4335077405954811
1772937496.7800727,0.12924506704291844
1772937496.7800813,0.2419351393637095
1772937496.7800896,-0.2673261947902349
1772937496.7800977,-1.1086034913842318
1772937496.7801063,-1.7547219889674583
1772937496.780115,-1.8810007228698116
1772937496.7801228,-1.5982744566287257
1772937496.780132,-1.2403867491865002
1772937496.7801492,-0.9460814355538663
1772937496.7801635,-0.5237759167073799
1772937496.7801745,0.22333816725280975
1772937496.7801852,1.0909176786596875
1772937496.7801964,1.5139530767527374
1772937496.780208,1.101195937127728
1772937496.7802222,0.1189926664866168
1772937496.7802355,-0.6321974266969104
1772937496.7802465,-0.4874553689331833
1772937496.780258,0.5074452539907897
1772937496.780269,1.6667202926215905
1772937496.78028,2.2846170365024436
1772937496.7802908,2.197902884754576
1772937496.780303,1.8054517368623428
1772937496.7803166,1.6154124118948756
1772937496.7803314,1.7911521104904284
1772937496.7803423,2.0807891022842813
1772937496.7803507,2.1231069034635324
1772937496.7803583,1.819343927454328
1772937496.7803664,1.4542686471421375
1772937496.7803743,1.4744324539837903
1772937496.7803824,2.100150937117262
1772937496.7803905,3.087200533521619
1772937496.7803984,3.857502413939243
1772937496.7804065,3.921162042025991
1772937496.7804143,3.243792253725147
1772937496.7804224,2.2423317090414887
1772937496.7804303,1.4322893411482052
1772937496.7804384,1.0712408599955574
1772937496.780449,1.1051161034261667
1772937496.7804565,1.3747307324037732
1772937496.7804644,1.7866580141254311
1772937496.7804725,2.2749740525020234
1772937496.7804804,2.689792345669802
1772937496.7804885,2.835910019489588
1772937496.7804973,2.65220360335157
1772937496.7805052,2.3005854430658164
1772937496.7805128,2.0298381449161274
1772937496.780521,1.963172955949604
1772937496.7805288,2.0439571873020057
1772937496.7805367,2.154711676375102
1772937496.7805445,2.2144965166184725
1772937496.7805526,2.147606455749604
1772937496.7805617,1.852404280779495
1772937496.7805698,1.3102746624954402
1772937496.780578,0.7193799502605392
1772937496.7805858,0.4022378659732863
1772937496.7805939,0.4893618240842445
1772937496.7806015,0.7337786541547084
1772937496.7806096,0.7474963755031133
1772937496.7806177,0.453981813582639
1772937496.7806256,0.2217959236944547
1772937496.7806334,0.4622936400335725
1772937496.7806413,1.1188437182886684
1772937496.7806492,1.6552852409927858
1772937496.7806573,1.595831945437497
1772937496.7806656,1.0183833602377872
1772937496.7806735,0.4495684641886164
1772937496.7806814,0.3052531371811311
1772937496.7806897,0.5237680868353916
1772937496.780698,0.7592008466853257
1772937496.780706,0.8202797582781316
1772937496.780714,0.8053593780863998
1772937496.780722,0.8394179229389405
1772937496.78073,0.8350328564304923
1772937496.780738,0.6175772139387623
1772937496.7807462,0.22572092518059414
1772937496.780754,-0.05694107461405224
1772937496.7807622,-0.03139803341448095
1772937496.7807703,0.12256171472624988
1772937496.7807784,-0.028067365208247794
1772937496.7807865,-0.7347062142085031
1772937496.7807949,-1.7915459363634028
1772937496.7808032,-2.691470448818204
1772937496.7808113,-3.0150310640700155
1772937496.7808192,-2.6711240859289984
1772937496.780827,-1.8525813946985146
1772937496.780835,-0.8673010454950386
1772937496.780843,-0.01878032968716832
1772937496.780851,0.4628385792387876
1772937496.7808588,0.4999502328535151
1772937496.7808666,0.2191407662107294
1772937497.285752,0.25147759542210407
1772937497.2857888,0.13996701114597726
1772937497.2858117,0.32794991867256
1772937497.2858348,0.6196650396487831
1772937497.285854,0.7289010977525159
1772937497.285874,0.5519920804275925
1772937497.2858973,0.2672456369355559
1772937497.2859168,0.16587596269871893
1772937497.2859364,0.36789739170569535
1772937497.285949,0.6853752148297799
1772937497.285958,0.7747445946903359
1772937497.2859669,0.46397939515047143
1772937497.2859757,-0.041230969390640894
1772937497.2859845,-0.29415143916800074
1772937497.285993,0.002236232094666548
1772937497.2860017,0.7137955162190708
1772937497.2860105,1.3969935055742853
1772937497.2860188,1.7160595051272705
1772937497.2860272,1.7218615023009887
1772937497.2860415,1.6999966904837165
1772937497.2860522,1.7846056339095826
1772937497.2860615,1.8074205005580812
1772937497.2860703,1.5564653385889642
1772937497.2860792,1.094152636772515
1772937497.2860885,0.6947294173649268
1772937497.2860973,0.4571972114843184
1772937497.2861063,0.11690171675757455
1772937497.2861152,-0.6225484928015481
1772937497.2861238,-1.5945483859489507
1772937497.2861323,-2.168534106330381
1772937497.286141,-1.8639296967535937
1772937497.2861497,-0.9241670017600597
1772937497.2861583,-0.1511645587457734
1772937497.286167,-0.11636026066143734
1772937497.2861755,-0.5993484051603134
1772937497.2861848,-0.8666674552212018
1772937497.2861936,-0.4553561228703787
1772937497.2862022,0.41217454948203885
1772937497.286211,1.1708542078883082
1772937497.2862198,1.5200715390297397
1772937497.2862284,1.5840517824283826
1772937497.2862368,1.5510332459478993
1772937497.2862453,1.3520159983118234
1772937497.2862542,0.7978780939567093
1772937497.2862632,-0.064182559443012
1772937497.286272,-0.8969377748402886
1772937497.2862809,-1.4121024338429957
1772937497.2862897,-1.657267352614586
1772937497.2862992,-1.8828709554189933
1772937497.2863083,-2.184992301828417
1772937497.2863176,-2.406574421487094
1772937497.2863262,-2.4170646700343825
1772937497.2863348,-2.3755625294213116
1772937497.2863436,-2.6009515718266822
1772937497.2863522,-3.191391033111552
1772937497.286361,-3.8680383562473892
1772937497.2863696,-4.23886244988456
1772937497.2863781,-4.164332005932453
1772937497.286387,-3.8137464185691625
1772937497.2863955,-3.4104911609433275
1772937497.286404,-3.020838266189832
1772937497.2864127,-2.6113328719096724
1772937497.2864213,-2.2153612405110774
1772937497.28643,-1.9399704156271032
1772937497.2864392,-1.8157998082727662
1772937497.2864478,-1.7306674490586704
1772937497.2864566,-1.561496346457168
1772937497.2864656,-1.3305003521376413
1772937497.2864742,-1.1772911632032688
1772937497.2864828,-1.1969240899961686
1772937497.2864912,-1.3665495594603485
1772937497.2865,-1.6288584375320456
1772937497.2865083,-1.9595913851942197
1772937497.2865171,-2.2870690394283186
1772937497.2865255,-2.402652167335188
1772937497.2865343,-2.084701441528122
1772937497.286543,-1.3750887129008833
1772937497.286552,-0.6604805129066199
1772937497.286561,-0.3634938472992119
1772937497.2865696,-0.5249525686565509
1772937497.2865782,-0.7612739891172317
1772937497.2865868,-0.6927192077881872
1772937497.286595,-0.38135455775996807
1772937497.286604,-0.2741207281307945
1772937497.2866125,-0.7040234708053297
1772937497.2866209,-1.5128250041398728
1772937497.2866297,-2.214546170011316
1772937497.2866383,-2.4940688220950324
1772937497.2866468,-2.469502515846466
1772937497.2866554,-2.4531308948575483
1772937497.286664,-2.5336861229254435
1772937497.2866728,-2.47861756431799
1772937497.2866814,-2.048183432093289
1772937497.2866907,-1.3339448473597724
1772937497.2866993,-0.7305227857571842
1772937497.286708,-0.5807542985440012
1772937497.2867167,-0.8808028608824082
1772937497.2867253,-1.329100177537465
1772937497.2867339,-1.6205142898015337
1772937497.2867424,-1.6654118126454764
1772937497.2867508,-1.5516002296013576
1772937497.2867596,-1.358673811375235
1772937497.286768,-1.0571588143661015
1772937497.2867765,-0.590109717104087
1772937497.2867851,-0.024313101882366028
1772937497.286794,0.4092278545508343
1772937497.2868032,0.4469743832540829
1772937497.286812,-0.011808864964547184
1772937497.2868204,-0.8137455474056826
1772937497.286829,-1.6362766403814664
1772937497.2868376,-2.170244848932644
1772937497.286846,-2.257915670725798
1772937497.2868547,-1.9154532404942473
1772937497.2868636,-1.2824825557684432
1772937497.2868724,-0.5700708398522799
1772937497.286881,-0.01109452211858502
1772937497.8098922,-38356.410983616996
1772937497.8099344,-19726.80320049131
1772937497.8099625,1759.9107728797733
1772937497.809991,10237.800513174903
1772937497.810024,4343.107584183527
1772937497.8100543,-4341.963180035725
1772937497.8100836,-5413.013125019619
1772937497.810112,234.02665433841514
1772937497.8101404,4308.74659084525
1772937497.8101687,2241.995151816261
1772937497.8101974,-2241.8964806919603
1772937497.8102257,-3149.8065344925476
1772937497.8102393,83.61970888658884
1772937497.8102484,2751.4950188439634
1772937497.8102572,1525.5375598051237
1772937497.8102663,-1527.5564173482958
1772937497.810275,-2248.706246460956
1772937497.8102837,42.3390056850354
1772937497.8102925,2048.7958550375274
1772937497.8103063,1172.0859472126876
1772937497.8103173,-1174.4314382543741
1772937497.810326,-1773.5517726535463
1772937497.8103352,24.95493682458483
1772937497.8103442,1655.6640347203813
1772937497.8103528,965.7932256528902
1772937497.8103614,-967.5315458659599
1772937497.81037,-1485.8872392115034
1772937497.8103788,15.63067245056579
1772937497.8103876,1409.2697441142634
1772937497.8103962,832.8987320120171
1772937497.8104048,-835.9626045820629
1772937497.8104136,-1299.4735671871877
1772937497.8104224,8.129843632923095
1772937497.810431,1243.4020892165033
1772937497.8104396,742.1174080384967
1772937497.8104486,-747.1305425773105
1772937497.8104572,-1170.8640383150073
1772937497.8104658,6.232814611548936
1772937497.8104744,1133.2726836462075
1772937497.810483,682.9764679947771
1772937497.8104916,-683.4837558803849
1772937497.8105,-1080.9553100764915
1772937497.8105085,4.989870993397548
1772937497.8105173,1056.8434598130332
1772937497.810526,641.4643912421151
1772937497.8105345,-641.1910533505352
1772937497.8105428,-1021.4392316658796
1772937497.8105516,2.5079383834273323
1772937497.810561,1004.6390546477828
1772937497.8105705,613.5869149346091
1772937497.8105788,-613.8570390476324
1772937497.8105876,-983.603286424568
1772937497.8105965,1.0549608154277084
1772937497.8106053,973.7747056449726
1772937497.8106136,598.7420364060719
1772937497.8106225,-596.9934074534134
1772937497.810631,-962.4814874825203
1772937497.8106396,1.0540202359745308
1772937497.8106484,960.646870274615
1772937497.8106568,593.0957836204258
1772937497.8106656,-593.0829787374856
1772937497.8106744,-960.5557963781255
1772937497.8106833,-0.4421387237472591
1772937497.8106918,964.0477739619809
1772937497.8107007,599.2107256937168
1772937497.8107097,-596.940510752666
1772937497.8107188,-973.2763930056575
1772937497.8107276,-1.6820268583260185
1772937497.810736,982.8275641522224
1772937497.8107502,613.560016602858
1772937497.810758,-613.7716289473065
1772937497.810766,-1005.4210976402658
1772937497.8107738,-3.8269427336349473
1772937497.8107817,1020.5382182274903
1772937497.8107893,641.4498947242931
1772937497.8107975,-640.5354084600809
1772937497.810805,-1056.6088490886166
1772937497.8108137,-6.301577918142668
1772937497.8108218,1078.5867242199301
1772937497.8108296,681.2251527265603
1772937497.8108375,-684.6245873057404
1772937497.8108454,-1134.9512025871784
1772937497.8108532,-8.878684458651172
1772937497.810861,1167.1002587748037
1772937497.8108747,742.9728383526489
1772937497.8108833,-745.9222076937751
1772937497.8108914,-1246.755711364734
1772937497.8108995,-11.342850236964692
1772937497.8109076,1296.353506576839
1772937497.8109157,833.3091927289527
1772937497.810924,-834.8154389403034
1772937497.8109317,-1410.7357926995965
1772937497.81094,-17.226696536066452
1772937497.810948,1483.952124412306
1772937497.810956,965.6468373914694
1772937497.8109648,-967.1457318334458
1772937497.8109727,-1656.5314172760056
1772937497.8109803,-25.89337085283466
1772937497.8109887,1772.1161607358586
1772937497.8109968,1172.7134264161853
1772937497.8110046,-1173.4298330150098
1772937497.8110125,-2049.3552552822016
1772937497.8110204,-42.406922541334936
1772937497.8110285,2248.3332554119993
1772937497.8110363,1526.2019188727322
1772937497.8110445,-1527.9340155447019
1772937497.8110535,-2754.344341239718
1772937497.811062,-86.0502071172809
1772937497.8110704,3148.4582002187694
1772937497.8110783,2241.748269080966
1772937497.8110912,-2241.370613924563
1772937497.8111043,-4307.972570900194
1772937497.8111172,-233.45158634523895
1772937497.8111272,5413.543140895049
1772937497.8111353,4342.89867593934
1772937497.8111432,-4341.453674449296
1772937497.8111508,-10235.49445751087
1772937497.811159,-1757.249544433833
1772937497.8111672,19729.597402999985
1772937497.8111753,38359.2736169019
1772937498.289457,550.5067579952403
1772937498.289507,1370.9623028339206
1772937498.2895377,1342.6833794756276
1772937498.2895648,504.77003034500444
1772937498.2895913,35.88456968179711
1772937498.2896187,596.6869277549368
1772937498.2896495,1399.12739396003
1772937498.289676,1313.277278821615
1772937498.289703,457.60769809555836
1772937498.289729,35.28959412198591
1772937498.2897472,642.6953110208609
1772937498.289755,1427.5057128359654
1772937498.2897663,1284.547514299027
1772937498.2897744,411.9619982704044
1772937498.2897828,36.97019775833067
1772937498.2897952,690.367463762576
1772937498.2898047,1455.0126243668476
1772937498.2898133,1252.019219060807
1772937498.2898216,361.70531437090693
1772937498.2898295,36.103430883415825
1772937498.289838,738.5298549949924
1772937498.2898462,1484.7784698866176
1772937498.2898545,1222.2820975539653
1772937498.2898626,315.1370961071312
1772937498.2898707,40.25880373334324
1772937498.2898788,791.1518172470215
1772937498.289887,1514.993905780882
1772937498.2898953,1187.8729175119493
1772937498.2899032,262.09042887180226
1772937498.2899113,40.82684097470185
1772937498.2899299,844.2462759186009
1772937498.289938,1546.7125642747367
1772937498.289946,1153.1366494788
1772937498.2899542,207.71551484732186
1772937498.2899623,41.59937021934008
1772937498.2899704,898.9235252851304
1772937498.2899785,1578.3845839274795
1772937498.289986,1115.516277029393
1772937498.2899942,150.8901070529538
1772937498.2900028,44.18763442542763
1772937498.2900107,958.4071752471582
1772937498.2900188,1612.3274936960074
1772937498.290027,1075.0441871837686
1772937498.2900355,90.43639329112735
1772937498.2900443,48.32690121941188
1772937498.290053,1024.091513304474
1772937498.290061,1650.3940950479555
1772937498.290069,1032.6177195204102
1772937498.2900772,26.238680814645488
1772937498.2900853,53.58888462204023
1772937498.2900932,1095.0944198030918
1772937498.2901013,1690.2820349095005
1772937498.2901094,984.5585499752034
1772937498.2901175,-44.78674384804681
1772937498.2901256,59.546057987289295
1772937498.2901337,1173.2550591413599
1772937498.2901418,1733.5058922026947
1772937498.2901497,930.3475889317276
1772937498.2901578,-124.03145189449482
1772937498.290166,66.11003993672996
1772937498.2901735,1259.738264937031
1772937498.2901819,1780.2015206610856
1772937498.29019,868.0942579432998
1772937498.290198,-213.01261205652787
1772937498.290206,75.14318934537324
1772937498.290214,1359.0127750185422
1772937498.2902217,1833.1143563486676
1772937498.29023,796.1845310536888
1772937498.290238,-315.127186452535
1772937498.2902455,85.95922964382305
1772937498.2902536,1473.5062822764005
1772937498.2902617,1893.748240782279
1772937498.29027,712.9471269475656
1772937498.2902784,-431.6112736676326
1772937498.2902873,102.54373103305504
1772937498.290295,1610.6874052806054
1772937498.2903032,1965.4142234942242
1772937498.290311,613.6430696612997
1772937498.2903187,-569.5676077238762
1772937498.2903268,123.31226594292704
1772937498.2903345,1772.8542820161665
1772937498.2903423,2044.2269850316852
1772937498.2903502,484.598456519571
1772937498.2903583,-740.8185881332944
1772937498.290366,152.83228540826863
1772937498.2903743,1978.4747338023253
1772937498.2903821,2143.325484099871
1772937498.2903905,321.6522042446125
1772937498.2903984,-954.6597283076037
1772937498.2904065,196.78040246615168
1772937498.2904148,2245.65066547656
1772937498.290423,2267.1336302818977
1772937498.2904313,102.47369965031056
1772937498.2904394,-1234.7351390021047
1772937498.2904477,265.2240838308521
1772937498.2904553,2609.993523624809
1772937498.2904637,2425.4125169548743
1772937498.2904716,-215.13577829786985
1772937498.2904794,-1626.311959038095
1772937498.290491,380.0092858063726
1772937498.2905092,3146.576147254047
1772937498.2905269,2642.181899012748
1772937498.2905416,-715.3863498484561
1772937498.290554,-2219.770214036507
1772937498.2905672,600.4281291276417
1772937498.2905812,4034.3922160194797
1772937498.2905896,2963.8221200112307
1772937498.2905977,-1637.1488819470512
1772937498.2906055,-3273.3888665869526
1772937498.2906137,1107.412187434633
1772937498.2906215,5846.092974591827
1772937498.2906291,3537.8558138369726
1772937498.2906373,-3913.6209296688407
1772937498.2906451,-5899.648817579776
1772937498.2906532,2851.8419631572015
1772937498.2906613,12174.078330782591
1772937498.2906692,5795.273248571463
1772937498.2906773,-18215.291516978137
1772937498.2906857,-40862.45984314902
1772937498.2906938,36152.59728083967
1772937498.7701073,-0.5482768425576923
1772937498.7701566,-0.5731420393221831
1772937498.770183,-0.5639212681727581
1772937498.7702098,-0.42811202046686053
1772937498.7702365,-0.06548201690161051
1772937498.7702637,0.35858851960605354
1772937498.77029,0.402994135193821
1772937498.7703166,-0.23300882580402799
1772937498.770343,-1.2915051174681371
1772937498.7703698,-2.082685211389293
1772937498.770396,-2.1159149621589486
1772937498.770424,-1.5766273400208106
1772937498.7704344,-1.123519925164576
1772937498.7704432,-1.2362627648843638
1772937498.7704515,-1.8213541672845304
1772937498.77046,-2.432186209800073
1772937498.7704682,-2.748672373544397
1772937498.7704768,-2.7553842329090514
1772937498.7704852,-2.528149881027291
1772937498.7704935,-2.022009465341756
1772937498.7705016,-1.1569411886531675
1772937498.77051,-0.0367599848483942
1772937498.7705183,1.037504215224984
1772937498.7705274,1.7920152797846398
1772937498.7705357,2.1545108822178256
1772937498.770544,2.1907225766177767
1772937498.770552,1.9522434900977992
1772937498.7705605,1.4695034808643619
1772937498.7705688,0.8641738962642218
1772937498.770577,0.35928232514850783
1772937498.7705853,0.1224844722410052
1772937498.7705934,0.14320770848581524
1772937498.7706015,0.31171133908463416
1772937498.7706096,0.5777196226986415
1772937498.7706175,0.9520411143215087
1772937498.7706258,1.3606851164251943
1772937498.7706337,1.6088802811821081
1772937498.7706425,1.5715009100305901
1772937498.7706506,1.3697156883889787
1772937498.7706587,1.2512087070759919
1772937498.7706678,1.2836705148102079
1772937498.7706764,1.2740855473507209
1772937498.7706845,1.0685966265759728
1772937498.7706923,0.8556009678060159
1772937498.7707005,1.0171073855414157
1772937498.770709,1.6330770394989302
1772937498.7707171,2.25095561384195
1772937498.7707253,2.2843943110177354
1772937498.770733,1.6430907585165322
1772937498.7707412,0.8646972038288031
1772937498.770749,0.571357818892504
1772937498.7707572,0.8566860071641939
1772937498.7707653,1.2707141779921023
1772937498.7707734,1.3538288936990093
1772937498.7707815,1.0703045732534282
1772937498.7707896,0.7075184406664117
1772937498.7707977,0.49017526250384086
1772937498.770806,0.42691711323198217
1772937498.770814,0.4936827029346512
1772937498.7708223,0.790291468539738
1772937498.7708304,1.4055282936660982
1772937498.7708385,2.1930356778973032
1772937498.7708468,2.8126999576311893
1772937498.7708552,3.0261009601139213
1772937498.7708635,2.8797438625249696
1772937498.7708716,2.563997945052759
1772937498.7708795,2.1726926646312816
1772937498.7708879,1.6930049053167702
1772937498.770896,1.1934902381330486
1772937498.7709045,0.8779987681182142
1772937498.770913,0.8719426719345374
1772937498.7709208,1.0259639495095418
1772937498.770929,1.050303944203211
1772937498.7709372,0.8548377199067937
1772937498.7709453,0.6573311739310866
1772937498.7709532,0.6924190298821927
1772937498.7709613,0.878669163064714
1772937498.7709694,0.882848280036758
1772937498.7709775,0.5262553444230363
1772937498.770986,0.036206815339268755
1772937498.770994,-0.17251373585156773
1772937498.771002,0.07101829066604051
1772937498.77101,0.5457409627986529
1772937498.771018,0.9002995812283714
1772937498.7710264,0.9742369447789037
1772937498.7710345,0.8328797434172629
1772937498.7710423,0.5819847023939245
1772937498.7710543,0.27109796590393004
1772937498.7710676,-0.014368607506956722
1772937498.7710795,-0.08493146316160409
1772937498.7710917,0.2192651620150931
1772937498.7711003,0.8290124634110578
1772937498.7711089,1.4530363666338302
1772937498.7711167,1.8240099826639582
1772937498.7711248,1.921383833380572
1772937498.771133,1.9402268914635725
1772937498.7711413,2.0706950802072432
1772937498.7711499,2.331576473580359
1772937498.7711587,2.5871062679791748
1772937498.7711675,2.675248209735675
1772937498.771176,2.52749568855724
1772937498.7711842,2.22690484418693
1772937498.7711923,1.9740632166414702
1772937498.771201,1.9331683539413833
1772937498.7712088,2.0427557560822307
1772937498.7712169,2.013648279915422
1772937498.7712247,1.6259299701981969
1772937498.771233,1.064974515608792
1772937498.7712412,0.8495764953724007
1772937498.7712493,1.2844268950924467
1772937498.7712574,1.9937254756943712
1772937498.7712655,2.1661162542699763
1772937498.7712736,1.3985338550639217
1772937498.7712817,0.2479234337259434
1772937498.77129,-0.21626049258747093
1772937498.771298,0.513973424448674
1772937498.771306,1.822889879766159
1772937498.771314,2.554948205095111
1772937498.7713225,2.125033749782813
1772937498.7713304,0.9759315781877366
1772937499.2505577,1.5308296148887346
1772937499.2505982,1.2973933536648883
1772937499.250621,1.2679582953802002
1772937499.2506444,1.439501825557669
1772937499.250664,1.5936920387851476
1772937499.2506835,1.4753727989405947
1772937499.250703,1.0607109935671997
1772937499.2507277,0.6291492305695628
1772937499.250756,0.5018078027543087
1772937499.2507849,0.6947309206672228
1772937499.2507975,0.8932887770190414
1772937499.250806,0.8195860015019305
1772937499.2508144,0.585130506221737
1772937499.2508223,0.5913354747893761
1772937499.2508304,1.0524678338680264
1772937499.2508385,1.682157636351909
1772937499.2508469,1.9277160926030583
1772937499.2508547,1.5147789863171575
1772937499.2508633,0.7089744058408918
1772937499.2508712,0.030704431404287646
1772937499.2508793,-0.22891540074956915
1772937499.2508872,-0.1711126029169696
1772937499.2508955,-0.04061647898439048
1772937499.2509036,0.05929624924821803
1772937499.2509117,0.1612723285258196
1772937499.2509196,0.24455884463926897
1772937499.2509277,0.19130604578763513
1772937499.2509356,-0.03715601374309199
1772937499.2509437,-0.2803446429151422
1772937499.2509515,-0.3418806004746514
1772937499.2509596,-0.26904601614495244
1772937499.2509675,-0.37330288575533765
1772937499.2509754,-0.8972354683822356
1772937499.2509832,-1.6760575505460433
1772937499.250991,-2.1954783163113825
1772937499.2509992,-2.0268659889273732
1772937499.2510085,-1.2081201450357912
1772937499.251017,-0.19848525215424098
1772937499.251025,0.5208676281426114
1772937499.2510333,0.798954487327419
1772937499.2510412,0.821761964102089
1772937499.251049,0.8412963460279468
1772937499.251057,0.9245645338103078
1772937499.251065,0.93495786117514
1772937499.2510731,0.712351004380963
1772937499.2510812,0.25945022254182565
1772937499.251089,-0.22954576942460062
1772937499.2511008,-0.513227649635779
1772937499.2511134,-0.49135406493825806
1772937499.2511258,-0.27229497141313264
1772937499.2511368,-0.06222314514941741
1772937499.2511492,0.010309838050568032
1772937499.2511623,-0.04378916885398826
1772937499.2511747,-0.17111466378708245
1772937499.2511876,-0.3803026015327164
1772937499.2511969,-0.6898429818448605
1772937499.2512047,-0.9741182982455007
1772937499.251213,-0.948553477878339
1772937499.2512212,-0.4087097319611444
1772937499.2512293,0.4996273358730062
1772937499.2512372,1.3280066932731829
1772937499.2512453,1.724559658833113
1772937499.251253,1.7837673985002043
1772937499.2512608,1.931057029852342
1772937499.251269,2.421478722444834
1772937499.251278,2.9939701277274136
1772937499.2512865,3.0892486770758634
1772937499.2512944,2.422389962096225
1772937499.2513025,1.2976409958030455
1772937499.2513103,0.33293983358198354
1772937499.2513185,-0.09495683896658136
1772937499.2513263,-0.10028534821377111
1772937499.2513344,-0.0290053720676503
1772937499.2513423,-0.04712792391300624
1772937499.2513504,-0.03544679884913566
1772937499.2513585,0.16481714221525876
1772937499.2513664,0.508478249283761
1772937499.251374,0.7919385530593691
1772937499.251382,0.8891197908674944
1772937499.25139,0.8663271377293466
1772937499.251398,0.8488315388669067
1772937499.251406,0.8257998042338253
1772937499.251414,0.6423624259849722
1772937499.251422,0.194868482409251
1772937499.2514305,-0.39038080910072237
1772937499.2514384,-0.7996229624136658
1772937499.2514465,-0.7771410654551001
1772937499.2514544,-0.36070167769059686
1772937499.2514625,0.10453580351025119
1772937499.25147,0.20643856874328131
1772937499.251478,-0.2168129208861344
1772937499.2514865,-0.9413943262357253
1772937499.2514946,-1.533492927214125
1772937499.2515025,-1.6995723116190193
1772937499.251511,-1.500541828208091
1772937499.2515192,-1.2317069260757612
1772937499.2515273,-1.098385488968806
1772937499.2515347,-1.0298813160736813
1772937499.2515428,-0.821932804211342
1772937499.2515507,-0.42794731107960426
1772937499.2515583,-0.051557613942784034
1772937499.2515666,0.06849827051279365
1772937499.2515745,-0.07718690915319018
1772937499.2515824,-0.2687113319906521
1772937499.25159,-0.31397716477493826
1772937499.251598,-0.2535518604745625
1772937499.251606,-0.284302410767315
1772937499.2516139,-0.5171142854844047
1772937499.251622,-0.8592216465398844
1772937499.25163,-1.1271222248612263
1772937499.2516377,-1.2213734631590472
1772937499.2516456,-1.1738255840369776
1772937499.2516537,-1.0808802236767416
1772937499.2516613,-1.0486315624712645
1772937499.2516694,-1.168418722943177
1772937499.2516775,-1.4394924925085744
1772937499.2516854,-1.6672582342033162
1772937499.2516935,-1.5259443863336817
1772937499.2517018,-0.8627556775955255
1772937499.2517147,0.021204958758657085
1772937499.2517276,0.49582065591437147
1772937499.6652777,0.5569946101319497
1772937499.6653376,0.5163083395847421
1772937499.6653783,0.008678748779288625
1772937499.665412,-0.7470217761885182
1772937499.665445,-1.2526609352964004
1772937499.6654794,-1.1856421726080952
1772937499.665514,-0.7459130600946171
1772937499.6655972,-0.45629099779853927
1772937499.6656065,-0.6179304533647922
1772937499.665616,-1.0370149523380081
1772937499.665626,-1.2989179133491466
1772937499.665635,-1.216307862267011
1772937499.6656444,-0.9369912446305722
1772937499.665653,-0.6855368667338307
1772937499.665662,-0.5412912404940872
1772937499.6656709,-0.49177128790140556
1772937499.6656804,-0.5612346521598287
1772937499.6656892,-0.7566286201862324
1772937499.6656983,-0.9410952595038535
1772937499.665707,-0.9312778549842972
1772937499.6657157,-0.7812506166943799
1772937499.6657245,-0.8377401230236359
1772937499.665733,-1.3567587807810577
1772937499.665742,-2.0841642869856365
1772937499.6657507,-2.3828099842692856
1772937499.66576,-1.8793878217820477
1772937499.665769,-0.9163373611629986
1772937499.6657784,-0.24490682075787865
1772937499.6657872,-0.27262390769184536
1772937499.665796,-0.7110495743605325
1772937499.6658049,-0.984460583590447
1772937499.6658146,-0.8631765019922816
1772937499.6658247,-0.5879860658473925
1772937499.6658337,-0.4456320588175404
1772937499.6658425,-0.40592235048723097
1772937499.6658516,-0.2384878957577118
1772937499.665861,0.15449167554974785
1772937499.6658697,0.6719066117035829
1772937499.665879,1.2205493314696343
1772937499.6658878,1.785558393300543
1772937499.665897,2.2179579673603973
1772937499.6659071,2.1243006614594506
1772937499.665922,1.1979278348910123
1772937499.6659362,-0.3149126482791035
1772937499.6659508,-1.658528720456284
1772937499.6659653,-2.21369022270169
1772937499.66598,-2.044473911798727
1772937499.6659923,-1.6904915162837602
1772937499.666001,-1.4665756715547729
1772937499.66601,-1.1597816958477312
1772937499.6660185,-0.4983109441735455
1772937499.6660273,0.2576575522417861
1772937499.6660366,0.4422200371898445
1772937499.6660454,-0.2637103524299109
1772937499.666054,-1.3953633865912243
1772937499.6660628,-2.1656212506430554
1772937499.6660717,-2.277910101056589
1772937499.6660807,-2.1030274595216
1772937499.6660895,-2.0575485900253803
1772937499.6660984,-2.0378775556520936
1772937499.666108,-1.6500713291530882
1772937499.6661172,-0.8932914150237378
1772937499.666126,-0.33382616488947303
1772937499.6661344,-0.4676256042031573
1772937499.6661432,-1.0523536469874175
1772937499.6661522,-1.2825144162118984
1772937499.6661608,-0.6518830450334134
1772937499.6661696,0.5003451319643029
1772937499.6661785,1.3778653339816616
1772937499.666187,1.5623323336216708
1772937499.6661956,1.346128989194526
1772937499.6662045,1.2829237377136826
1772937499.666213,1.5692978178463535
1772937499.666234,1.932619379128811
1772937499.6662428,2.009789501373653
1772937499.6662517,1.6982017671360028
1772937499.6662602,1.161954369345397
1772937499.6662688,0.6430661607038376
1772937499.6662776,0.32931522020049253
1772937499.6662862,0.2969806371188843
1772937499.6662948,0.45080302400812394
1772937499.6663039,0.5392496588285992
1772937499.6663125,0.3567406334151716
1772937499.6663213,-0.02109626202324847
1772937499.6663299,-0.2925081504685352
1772937499.6663384,-0.2915517158207908
1772937499.6663473,-0.21481191608318587
1772937499.6663556,-0.349615224750913
1772937499.6663644,-0.5921520638321267
1772937499.6663735,-0.43238610433156444
1772937499.6663828,0.42924546645742795
1772937499.6663916,1.5369640474660022
1772937499.6664004,1.977435645161791
1772937499.666414,1.3190487090171623
1772937499.6664276,0.12941900773823115
1772937499.6664407,-0.592695141723124
1772937499.6664495,-0.4603847161133729
1772937499.666458,-0.010811481126166655
1772937499.6664667,0.0516596856730761
1772937499.6664753,-0.27059570955046214
1772937500.1630769,-0.4248665385268097
1772937500.1631207,-0.35008944237554335
1772937500.1631527,0.06859233457991533
1772937500.163184,0.17037563486784565
1772937500.1632106,-0.3310135870916997
1772937500.1632378,-1.0096340521574076
1772937500.1632695,-1.2770656304504204
1772937500.163296,-1.0756640907294273
1772937500.1633232,-0.8315701799261819
1772937500.1633503,-0.7792827829327582
1772937500.1633775,-0.592919483961936
1772937500.1633897,0.1511919299355267
1772937500.163402,1.2642519552997016
1772937500.1634145,1.945055009168925
1772937500.163427,1.5901699880405893
1772937500.1634395,0.4869011100693417
1772937500.1634524,-0.44870231891663775
1772937500.1634645,-0.6131553909321692
1772937500.1634824,-0.26825100774517135
1772937500.163497,-0.10792112955949676
1772937500.1635385,-0.39201721930051964
1772937500.1636548,-0.6640677177299997
1772937500.1636677,-0.3423028529049168
1772937500.16368,0.5453859512654606
1772937500.1636922,1.3374340586995843
1772937500.1637049,1.4269026849808142
1772937500.1637168,0.8648313757416176
1772937500.163729,0.23256604476862822
1772937500.163741,-0.007033678608549224
1772937500.1637535,0.07647557802525086
1772937500.1637652,0.11396224345867972
1772937500.163777,-0.03952866917633924
1772937500.1637895,-0.13651243280210038
1772937500.163802,0.10443287065353016
1772937500.1638136,0.5813947354891539
1772937500.163826,0.8557814804355112
1772937500.163838,0.6205066118162995
1772937500.16385,0.0449123610193713
1772937500.1638622,-0.40241583488577515
1772937500.163874,-0.4433923957641109
1772937500.1638863,-0.23429597263317822
1772937500.1638982,-0.11742845730822046
1772937500.1639104,-0.2184577036416206
1772937500.1639225,-0.37755802983186676
1772937500.1639352,-0.4513882850293269
1772937500.1639476,-0.5467042957671593
1772937500.1639595,-0.8515523128805924
1772937500.1639736,-1.2854606891355675
1772937500.1639864,-1.4726752221383885
1772937500.1639986,-1.152079657561868
1772937500.1640112,-0.5421756235174727
1772937500.1640232,-0.16033746263813498
1772937500.164035,-0.24106896174041564
1772937500.1640472,-0.43126374682989216
1772937500.1640592,-0.16286499668462842
1772937500.164071,0.6967536811515649
1772937500.1640835,1.6695759189644497
1772937500.1640956,2.171175144248606
1772937500.1641078,2.100919528360869
1772937500.1641204,1.8480559711368603
1772937500.1641324,1.7688068575367444
1772937500.1641445,1.8087584101340781
1772937500.164157,1.7053387349954177
1772937500.1641695,1.446329517535809
1772937500.1641817,1.3559175311892548
1772937500.164194,1.6903160478620733
1772937500.164206,2.2658405876041563
1772937500.1642184,2.595996328173321
1772937500.1642308,2.3741785136519593
1772937500.1642432,1.7407444763383837
1772937500.1642551,1.0861533353251913
1772937500.1642673,0.6994247672805382
1772937500.1642797,0.6529815316870318
1772937500.164292,0.9055898987594647
1772937500.1643045,1.3402538681652514
1772937500.1643164,1.6860959454263558
1772937500.1643295,1.5876605741714203
1772937500.164342,0.9349565385789218
1772937500.164354,0.11280337700248025
1772937500.1643665,-0.24187692197976016
1772937500.164379,0.1575458397607382
1772937500.1643913,0.9266089556361349
1772937500.1644032,1.3716684021193506
1772937500.1644156,1.1610492064621125
1772937500.1644275,0.5679543811861825
1772937500.1644397,0.06540335702690696
1772937500.164452,-0.18645262575607513
1772937500.1644645,-0.36261545632515507
1772937500.1644769,-0.5852357419739043
1772937500.164489,-0.7135462524228303
1772937500.1645007,-0.5927116966336974
1772937500.164513,-0.37295214620982436
1772937500.1645248,-0.4002096195686902
1772937500.1645374,-0.7762467402406669
1772937500.1645496,-1.1712966048157545
1772937500.1645615,-1.1731887939407362
1772937500.164573,-0.7581209906587671
1772937500.1645849,-0.30023933726582813
1772937500.1645968,-0.12822061536575025
1772937500.1646085,-0.20647940682107696
1772937500.1646204,-0.3199023915561
1772937500.1646316,-0.45442144037262755
1772937500.1646483,-0.8154941014972561
1772937500.1646621,-1.443112089411209
1772937500.1646745,-1.965690794838984
1772937500.164689,-1.8943398718619824
1772937500.164702,-1.162562914460374
1772937500.1647184,-0.2684532047087082
1772937500.1647344,0.17035456743454505
1772937500.1647482,-0.04185220107645626
1772937500.1647637,-0.6031699249275189
1772937500.1647763,-1.0921209340309588
1772937500.164798,-1.3161944373711112
1772937500.1648104,-1.311518591107582
1772937500.1648228,-1.1569398618271707
1772937500.1648352,-0.9137680036540057
1772937500.1648476,-0.7055296960587855
1772937500.1648602,-0.707100698671333
1772937500.164873,-0.9719527971345615
1772937500.1648848,-1.321653141554994
1772937500.643902,-1.0672237768966764
1772937500.6439443,-1.2118256469390396
1772937500.6439707,-1.33959970333105
1772937500.6439972,-1.6194118097964474
1772937500.644024,-2.0707622685824836
1772937500.6440504,-2.4263888393476645
1772937500.6440768,-2.31988730178929
1772937500.644104,-1.6758181786802009
1772937500.6441307,-0.8937847195070213
1772937500.6441576,-0.5618424309459656
1772937500.644184,-0.9125873929933557
1772937500.6442108,-1.5475755464026388
1772937500.6442196,-1.738317518554938
1772937500.64423,-1.0575153224966514
1772937500.6442423,0.23474191668648647
1772937500.6442523,1.3938986144219616
1772937500.644261,1.7787518662999988
1772937500.6442692,1.3005310085943762
1772937500.6442778,0.3937868415061668
1772937500.644286,-0.3819752476077885
1772937500.644294,-0.7338513852151987
1772937500.6443026,-0.7451798948208834
1772937500.6443107,-0.7096670591260374
1772937500.644319,-0.8761748295733541
1772937500.6443272,-1.280173465831157
1772937500.6443353,-1.7380163059510614
1772937500.6443434,-1.9877874970976328
1772937500.6443512,-1.8850285444787418
1772937500.6443596,-1.512367684453855
1772937500.6443677,-1.1040746970137738
1772937500.6443753,-0.8399831729679534
1772937500.6443937,-0.7019467748335351
1772937500.6444016,-0.5407255341531445
1772937500.6444097,-0.28296868640580586
1772937500.6444175,-0.047212538548826614
1772937500.6444256,-0.03222807300288571
1772937500.6444335,-0.2996524680108768
1772937500.6444416,-0.6975461267394576
1772937500.6444497,-1.0100250516563898
1772937500.6444578,-1.158567500784708
1772937500.6444657,-1.230947660414387
1772937500.644474,-1.327110713432399
1772937500.644482,-1.4233028814469562
1772937500.6444912,-1.4138758452960327
1772937500.6444995,-1.2612784663852619
1772937500.6445076,-1.058608908965121
1772937500.6445155,-0.9309857632621407
1772937500.6445236,-0.9034480253272574
1772937500.644532,-0.891821024689813
1772937500.64454,-0.810719986251042
1772937500.644548,-0.6572225438793673
1772937500.644556,-0.4808328195222831
1772937500.644564,-0.3010502553490985
1772937500.644572,-0.08450984248449424
1772937500.64458,0.20098317055274764
1772937500.6445882,0.5345605787857955
1772937500.644596,0.8491667464473078
1772937500.6446042,1.068123338788336
1772937500.644612,1.1221915420667814
1772937500.6446197,0.9562177954890348
1772937500.6446276,0.5640692981773684
1772937500.644636,0.03670632524864175
1772937500.6446435,-0.4454775988704306
1772937500.6446517,-0.7028269884518973
1772937500.6446595,-0.6601258219833268
1772937500.644668,-0.37354856599130304
1772937500.644676,0.024955703139863773
1772937500.6446843,0.3942592011333743
1772937500.6446924,0.6156407677047883
1772937500.6447003,0.6152446235198433
1772937500.6447082,0.40313386237382565
1772937500.644716,0.08728700477428515
1772937500.6447248,-0.18903999588654505
1772937500.644733,-0.34549188021073024
1772937500.6447413,-0.39106695635649213
1772937500.6447492,-0.3546424290385777
1772937500.644757,-0.23389063270673394
1772937500.644765,-0.058488254276088926
1772937500.6447728,0.025642145147909672
1772937500.6447809,-0.1602183490670576
1772937500.644789,-0.5846894149851084
1772937500.6447968,-0.896800646548081
1772937500.6448047,-0.6975786919812964
1772937500.6448123,-0.003355749291472314
1772937500.6448205,0.6254218545024537
1772937500.6448283,0.55489435404899
1772937500.6448364,-0.26136263022728307
1772937500.6448443,-1.1554516644696151
1772937500.644852,-1.3695955674421756
1772937500.64486,-0.8146473821205898
1772937500.644868,-0.14433337558393713
1772937500.644876,-0.051912692783758076
1772937500.644884,-0.5550856928814278
1772937500.644892,-1.038462628125592
1772937500.6448998,-0.9601032681759746
1772937500.6449077,-0.40259234949603345
1772937500.6449153,0.11062182524622835
1772937500.6449234,0.23332829305078032
1772937500.6449313,0.0945518832188502
1772937500.6449392,-0.005887205471492962
1772937500.644947,-0.029615923231021954
1772937500.6449552,-0.18979678966515434
1772937500.6449635,-0.5636555758837576
1772937500.6449714,-0.9007890107351999
1772937500.6449792,-0.9235170537027475
1772937500.6449873,-0.7309696841797643
1772937500.6449955,-0.7397253668437679
1772937500.6450036,-1.1775204197137008
1772937500.6450117,-1.7493501998156813
1772937500.6450198,-1.9232123764688687
1772937500.6450276,-1.5219334244429128
1772937500.6450355,-0.9103783874996099
1772937500.6450436,-0.5506950292177973
1772937500.6450517,-0.474502759638302
1772937500.6450596,-0.320982559957618
1772937500.6450677,0.12039957886264614
1772937500.6450753,0.5629965138417131
1772937500.6450837,0.5367779486000723
1772937500.6450915,-0.0020590976116090756
1772937500.6450996,-0.526929695127436
1772937500.677343,-0.48142731526760335
1772937500.6773677,0.1077949606547446
1772937500.6773772,0.6657179768768282
1772937500.677386,0.714511045315429
1772937500.677395,0.378761475476309
1772937500.6774037,0.17937797661646296
1772937500.9454188,-19178.726369756423
1772937500.9454558,19180.302736354282
1772937500.9454873,3058.82182479507
1772937500.9455032,10281.790535401215
1772937500.9455185,3035.271911663392
1772937500.9455285,-5172.429065403361
1772937500.945537,-4564.9765703303165
1772937500.945546,1600.6937853695085
1772937500.9455545,4256.586190556669
1772937500.945563,799.3211583460444
1772937500.9455712,-3055.8589095736706
1772937500.9455793,-2144.387999523704
1772937500.9455876,1536.3127061643236
1772937500.9455955,2585.7764817302236
1772937500.9456036,-84.16574700195703
1772937500.9456117,-2326.0294470669864
1772937500.9456213,-1049.3908301849585
1772937500.9456313,1605.3926496131253
1772937500.9456396,1740.7585523440418
1772937500.945648,-654.7346696561582
1772937500.9456568,-1957.570455082226
1772937500.9456651,-319.4033020899191
1772937500.9456737,1741.6766304238467
1772937500.9456816,1161.7874381671245
1772937500.94569,-1161.5833691456899
1772937500.9456983,-1740.9810396352811
1772937500.9457064,320.7772739385414
1772937500.9457147,1959.4129379262254
1772937500.9457228,656.6307560157396
1772937500.9457312,-1739.1011690496064
1772937500.9457395,-1603.9608589652587
1772937500.9457476,1050.7899358929615
1772937500.9457557,2327.4820072763823
1772937500.9457643,85.53972359644925
1772937500.9457731,-2584.622441291683
1772937500.9457812,-1535.260606155526
1772937500.9457896,2145.648122254364
1772937500.9457977,3057.4033492769927
1772937500.9458055,-797.9549071682359
1772937500.945814,-4256.111709561654
1772937500.945822,-1601.3480082450476
1772937500.9458299,4563.8618715443745
1772937500.945838,5172.002343855761
1772937500.9458463,-3034.348747069028
1772937500.9458544,-10279.910776655342
1772937500.9458632,-3057.0182840120456
1772937500.945872,19010.890556626917
1772937500.94588,39203.80063395387
1772937501.679047,1161.0495525582858
1772937501.6790864,-181.8117019988955
1772937501.679113,-1239.774925170417
1772937501.679139,-543.4584205546689
1772937501.6791651,901.7682333048336
1772937501.6791918,1066.0975291304715
1772937501.6792183,-256.01975629643493
1772937501.6792448,-1192.999702594319
1772937501.6792717,-443.4039013563248
1772937501.6792984,917.8522674545019
1772937501.6793249,978.6116171767037
1772937501.6793473,-327.40335420187006
1772937501.6793647,-1155.3815864458284
1772937501.6793728,-354.2521523733684
1772937501.6793857,933.827252972928
1772937501.6793954,900.0739980542742
1772937501.679404,-392.84704119712933
1772937501.679412,-1120.3577021211895
1772937501.6794205,-269.1160212557693
1772937501.6794293,952.678947732545
1772937501.6794376,829.0571289058298
1772937501.679446,-455.2645840138566
1772937501.679454,-1090.1827313150022
1772937501.679462,-190.41677710730048
1772937501.67947,970.4275895767443
1772937501.679478,761.2739350024351
1772937501.6794872,-515.9358703261556
1772937501.6794963,-1061.4464625753237
1772937501.6795042,-112.08363615541498
1772937501.6795125,992.0991060470122
1772937501.6795204,698.8152344914381
1772937501.6795285,-574.8978699882417
1772937501.6795363,-1034.9220146676496
1772937501.6795444,-35.54671708110697
1772937501.6795523,1014.9777717186928
1772937501.6795604,638.0634001372683
1772937501.6795685,-635.1642608139617
1772937501.6795769,-1012.1038408267456
1772937501.6795847,38.467715153502766
1772937501.6795928,1037.8700325832142
1772937501.6796007,577.5686321461777
1772937501.6796093,-696.7371859132702
1772937501.6796172,-990.3846168844228
1772937501.6796265,114.25491599135135
1772937501.6796348,1064.6837671757305
1772937501.679643,519.7747796403974
1772937501.6796508,-758.1845511958222
1772937501.679659,-969.0889634366607
1772937501.6796668,190.34129239741014
1772937501.6796749,1089.9761478078203
1772937501.6796827,455.805745126938
1772937501.6796908,-828.0852260224824
1772937501.6796987,-952.1970057519069
1772937501.6797066,268.75413028859043
1772937501.6797147,1119.7211848603613
1772937501.679723,392.67301619075846
1772937501.6797316,-899.7038492709096
1772937501.67974,-933.386236748855
1772937501.679748,354.505010340377
1772937501.6797562,1155.7917390746545
1772937501.679764,328.47808676793846
1772937501.6797724,-976.8386556367562
1772937501.6797805,-915.839145838702
1772937501.6797888,445.2551680510808
1772937501.6797972,1194.7205889906018
1772937501.6798053,257.876470467712
1772937501.6798131,-1064.009632540603
1772937501.6798213,-899.6135558813944
1772937501.679829,545.4518825620818
1772937501.6798368,1241.3933943013842
1772937501.6798449,182.7413740948755
1772937501.6798527,-1161.1579206191352
1772937501.6798613,-882.8339971161358
1772937501.6798697,659.1303001421147
1772937501.6798778,1297.8759110358735
1772937501.6798856,100.22585859284422
1772937501.6798935,-1272.874616309534
1772937501.6799016,-866.03764572164
1772937501.6799097,790.0135066299097
1772937501.6799176,1365.327328370439
1772937501.6799257,4.00121555384068
1772937501.6799335,-1407.9145697513377
1772937501.6799417,-850.3096950465306
1772937501.6799493,946.529867792485
1772937501.6799576,1451.5256870560963
1772937501.6799664,-108.06257409621357
1772937501.6799743,-1573.2346306247514
1772937501.6799824,-833.9771140269854
1772937501.6799905,1140.7390632338222
1772937501.6799986,1562.507603911366
1772937501.6800065,-250.17502585153935
1772937501.6800148,-1792.6652946555475
1772937501.6800227,-823.9555782401508
1772937501.6800308,1390.3000503511598
1772937501.680039,1714.928989498554
1772937501.680047,-432.84120164152284
1772937501.680055,-2089.485703381779
1772937501.6800632,-813.5505868509349
1772937501.680071,1741.2768043313883
1772937501.680079,1941.545987922522
1772937501.680087,-690.2053863651827
1772937501.6800957,-2534.052460035108
1772937501.680104,-811.8626820423677
1772937501.680112,2279.668246826019
1772937501.68012,2315.113532627551
1772937501.6801279,-1093.5078975038184
1772937501.6801357,-3287.248563045542
1772937501.680144,-834.0049911649572
1772937501.680152,3243.415945854581
1772937501.68016,3049.742339639329
1772937501.680168,-1858.1960061353318
1772937501.680176,-4891.2370575755485
1772937501.680184,-961.0095117128639
1772937501.680192,5570.938662364032
1772937501.6802013,5167.069338934245
1772937501.6802137,-4014.0390130841834
1772937501.680225,-10873.083210332517
1772937501.6802356,-2466.0330544777516
1772937501.6802468,19949.549235497172
1772937501.6802585,39199.65160167284
1772937502.1591651,0.4237245226165742
1772937502.1592207,0.6779779737542833
1772937502.159252,0.38979212587285167
1772937502.159284,-0.20859315910841963
1772937502.1593156,-0.5512849884444782
1772937502.159343,-0.3203371135793334
1772937502.1593747,0.1971936018471905
1772937502.1594012,0.4371475985832559
1772937502.1594338,0.21230891236738034
1772937502.1594656,-0.09542118374933307
1772937502.159485,-0.04407688650709378
1772937502.1595,0.2951497088894689
1772937502.1595118,0.43099613624504435
1772937502.1595268,0.10558004091043596
1772937502.1595445,-0.3200882961954157
1772937502.159558,-0.26076170467014914
1772937502.159573,0.37805346465890466
1772937502.1595898,1.0349228234882035
1772937502.1596017,1.083198233897731
1772937502.1596153,0.47883199301567514
1772937502.159628,-0.2661748610806197
1772937502.159647,-0.6784954196614144
1772937502.159662,-0.7409141121126603
1772937502.159676,-0.7020418696907658
1772937502.1596885,-0.6423858403952242
1772937502.1597013,-0.4059957547298925
1772937502.1597142,0.05131545960395351
1772937502.1597269,0.4244818069138403
1772937502.1597428,0.3067482075341286
1772937502.1597588,-0.3515261911870532
1772937502.159772,-1.1329844955401893
1772937502.1597853,-1.5301365810984389
1772937502.1597977,-1.3802533904871566
1772937502.15981,-0.913611035697764
1772937502.1598225,-0.45659443964756874
1772937502.1598349,-0.1745107219898755
1772937502.159848,-0.07193604855250862
1772937502.15986,-0.11004554007026218
1772937502.1598723,-0.2363883910667463
1772937502.1598868,-0.3510920449482785
1772937502.159906,-0.35549077485893643
1772937502.1599205,-0.26867341276981566
1772937502.1599393,-0.23519791262449816
1772937502.1599529,-0.3678658199212533
1772937502.159971,-0.6162469598766461
1772937502.1599848,-0.8470218462604876
1772937502.159998,-1.0343051818324893
1772937502.1600158,-1.2831522986512383
1772937502.160031,-1.622837071147795
1772937502.1600437,-1.8461309026991275
1772937502.1600623,-1.662510077338261
1772937502.1600769,-1.0428239738903973
1772937502.1600907,-0.3506780281484115
1772937502.160104,-0.06653239836750265
1772937502.160117,-0.37627788497221226
1772937502.1601353,-1.0469734310867516
1772937502.1601486,-1.6736938653402014
1772937502.1601615,-1.9855086906824269
1772937502.160259,-1.9163229614541037
1772937502.1602964,-1.4950288112577723
1772937502.1603112,-0.802957167715237
1772937502.1603236,-0.05611906749351218
1772937502.1603358,0.3935332383156501
1772937502.1603487,0.27890743649362926
1772937502.160361,-0.3235306189828735
1772937502.1603732,-1.0166972434300965
1772937502.1603847,-1.4261684160083585
1772937502.1604,-1.5233384702647468
1772937502.160418,-1.5831204929573344
1772937502.1604316,-1.8305167725745413
1772937502.160448,-2.175453912089787
1772937502.160463,-2.328449513220425
1772937502.1604764,-2.1588616324454635
1772937502.1604936,-1.8894120423050749
1772937502.160508,-1.9003498079213583
1772937502.1605208,-2.3342182515711856
1772937502.1605337,-2.905159855776023
1772937502.1605463,-3.1199635939107395
1772937502.160562,-2.7196363167971187
1772937502.1605775,-1.9342891788618162
1772937502.1605916,-1.3076203907193769
1772937502.1606057,-1.239223018369487
1772937502.1606183,-1.6561149628063727
1772937502.1606307,-2.109314285473352
1772937502.1606429,-2.191478660981142
1772937502.1606572,-1.8679359808653226
1772937502.160674,-1.417085730291799
1772937502.1607015,-1.0906812499961567
1772937502.160714,-0.8888092057892748
1772937502.1607263,-0.681360704928065
1772937502.1607387,-0.48353981301263316
1772937502.160751,-0.5093803392446149
1772937502.1607685,-0.9113871241134702
1772937502.1607833,-1.5238731041815519
1772937502.1607964,-1.9507227939783076
1772937502.160814,-1.9314025514637598
1772937502.1608284,-1.5789594315188131
1772937502.1608434,-1.2335891151614835
1772937502.1608572,-1.1264260725337307
1772937502.1608696,-1.2373484738716307
1772937502.1608877,-1.4420615678916087
1772937502.1609015,-1.6796750821822148
1772937502.160914,-1.9107389866628164
1772937502.160926,-1.9921418860766755
1772937502.1609457,-1.7443032807545744
1772937502.1609647,-1.1949832695024722
1772937502.160978,-0.658896253916198
1772937502.1609917,-0.4550166818242603
1772937502.161043,-0.5479481623521291
1772937502.161064,-0.5770842600037042
1772937502.1610808,-0.2971042099087542
1772937502.1610985,0.09258254923220778
1772937502.1611152,0.1744011582777715
1772937502.161129,-0.13681745850352645
1772937502.1611423,-0.4007527781040855
1772937502.1611607,-0.10943749663584117
1772937502.1611764,0.7090848539713506
1772937502.16119,1.4673370664966978
1772937502.1612034,1.630678846100318
1772937502.1612167,1.2557115912871626
1772937502.21247,0.8319532462971698
1772937502.2125044,0.6505850714953646
1772937502.2125149,0.4909949831836046
1772937502.2125292,0.0005389927726646988
1772937502.212538,-0.7372337445719193
1772937502.2125475,-1.1944519047859148
1772937502.212561,-0.9948196666987362
1772937502.212571,-0.3788802954532542
1772937502.21258,0.06826150999005892
1772937502.2125888,0.13416815086356804
1772937502.2125974,0.2745915215017249
1772937502.2126055,1.0913382267977145
1772937502.4252555,0.7542551567824324
1772937502.4252963,1.1474019475318578
1772937502.425322,1.128771717974632
1772937502.425349,0.7890529720479831
1772937502.4253576,0.4935164370767038
1772937502.425366,0.4148910545118589
1772937502.425377,0.40273133305639297
1772937502.42539,0.2812560854259201
1772937502.4253988,0.1192929032484003
1772937502.4254072,0.12987126533932497
1772937502.4254155,0.38443610105372705
1772937502.4254236,0.7278639901471279
1772937502.4254315,0.9553278083665501
1772937502.42544,0.9818052041758415
1772937502.425448,0.8333890629435249
1772937502.4254563,0.5813992653626178
1772937502.4254644,0.35435196024509746
1772937502.425473,0.3258494837646542
1772937502.4254808,0.5421545684312518
1772937502.4254897,0.7510983290476481
1772937502.4254975,0.5579063553024411
1772937502.425506,-0.11641780983548862
1772937502.4255142,-0.7885007719542025
1772937502.4255242,-0.7965556110026148
1772937502.425533,-0.008588168575567863
1772937502.4255412,0.9473215367602088
1772937502.425549,1.2823824433142312
1772937502.4255571,0.8650632135181406
1772937502.4255652,0.3315083159423496
1772937502.4255738,0.34449915528565805
1772937502.4255817,0.845494405195238
1772937502.42559,1.1531207618756172
1772937502.425598,0.7692974224752329
1772937502.4256063,-0.05615468602588768
1772937502.425614,-0.6330578777402218
1772937502.4256225,-0.6121836393042421
1772937502.4256303,-0.332292319826365
1772937502.425639,-0.38094174317571494
1772937502.4256465,-0.9156383373165009
1772937502.425655,-1.4932238259688497
1772937502.4256628,-1.5266228370634458
1772937502.4256709,-0.8321314550514325
1772937502.4256787,0.25711048271191317
1772937502.4256868,1.2125481633013913
1772937502.4256947,1.6874548233578444
1772937502.5416987,-37454.57194451961
1772937502.541737,-20246.37622572584
1772937502.5417504,1536.2199487826988
1772937502.5417593,11802.41358593022
1772937502.5417678,6750.503009506777
1772937502.5417764,-3404.9300152719443
1772937502.5417848,-6410.247878230658
1772937502.5417972,-361.9134858280316
1772937502.5418072,6217.346391686124
1772937502.5418153,5365.928853322588
1772937502.5418236,-1243.530479123972
1772937502.5418324,-5046.762274642691
1772937502.5418413,-1243.7328243768854
1772937502.5418499,5365.190120119462
1772937502.541858,6215.99898964772
1772937502.5418663,-363.33604563785275
1772937502.5418744,-6411.053910305573
1772937502.5418825,-3404.9862307781773
1772937502.5418904,6750.695874957298
1772937502.5418997,11802.366532222692
1772937502.5419085,1535.9557670375689
1772937502.5419166,-20246.613479358763
1772937502.5419247,-37454.922900611324
1772937502.6662407,3101.722812967621
1772937502.6662853,-226.02911877939283
1772937502.6662924,-3299.3849429120532
1772937502.666299,-1668.7453149801042
1772937502.6663055,2468.631499949051
1772937502.6663437,3193.317640240359
1772937502.6663496,-753.4809061243885
1772937502.6663556,-3881.275835128814
1772937502.6663752,-1489.5522057271805
1772937502.6663814,3393.5597015089525
1772937502.666387,3727.5370866343815
1772937502.6663933,-1598.5101751070986
1772937502.6664112,-5355.210099331946
1772937502.6664195,-1474.2292622822563
1772937502.6664264,5683.738214491401
1772937502.6664479,5696.920321449671
1772937502.666454,-3801.471024134001
1772937502.6664598,-11226.656239950162
1772937502.6664655,-2871.4279757846807
1772937502.6664715,20025.109587710685
1772937502.6664772,39612.53835602655
1772937503.0387127,-351.1474697916885
1772937503.0387578,-1298.9583461184732
1772937503.0387843,-405.8439030281585
1772937503.0388105,1040.682695188257
1772937503.0388374,1000.2134403414503
1772937503.0388644,-446.1613327457532
1772937503.038891,-1244.5306878249794
1772937503.0389175,-281.7385103817564
1772937503.0389273,1064.4608226763528
1772937503.0389364,894.4706218571114
1772937503.0389452,-535.6514169538729
1772937503.0389535,-1198.2028717152361
1772937503.0389621,-165.95053741513846
1772937503.038973,1091.6590659695905
1772937503.0389864,798.1123876361067
1772937503.0389993,-623.3226623570024
1772937503.0390117,-1159.5283110976543
1772937503.0390196,-56.35828135196865
1772937503.0390291,1121.4881347310436
1772937503.0390375,707.7294079508121
1772937503.0390453,-710.2046964491743
1772937503.039055,-1124.0626809375337
1772937503.039064,54.02438745723921
1772937503.0390723,1158.081879975712
1772937503.0390801,623.1359763970806
1772937503.039088,-797.302396389879
1772937503.039096,-1090.4728994156912
1772937503.039104,167.13677169753913
1772937503.039112,1199.530169583769
1772937503.03912,537.4892093603329
1772937503.0391283,-891.9754470061941
1772937503.0391362,-1061.497615590547
1772937503.0391443,284.89791383512414
1772937503.0391524,1247.7751838029371
1772937503.0391605,449.5097318651285
1772937503.0391684,-996.7872849407793
1772937503.0391767,-1037.3073785533725
1772937503.0391848,409.02254786776234
1772937503.0391932,1301.8288438556954
1772937503.0392008,353.5943516166521
1772937503.0392094,-1116.8519326131684
1772937503.0392177,-1015.5392312064462
1772937503.0392256,549.0691252123141
1772937503.0392337,1369.9313404710135
1772937503.039242,249.79498705892894
1772937503.03925,-1257.0126450759908
1772937503.039258,-997.274714842499
1772937503.039266,709.0438425381321
1772937503.039274,1452.2406553899928
1772937503.039282,128.1155688135081
1772937503.0392919,-1429.0053470565308
1772937503.0393012,-980.5234564688786
1772937503.0393093,906.4262950871291
1772937503.0393174,1563.9285760710463
1772937503.0393252,-14.67592437765631
1772937503.039334,-1645.9093987121173
1772937503.039342,-964.0790023946926
1772937503.03935,1161.8960231827239
1772937503.039358,1717.984277153931
1772937503.0393665,-199.11651853869483
1772937503.0393744,-1944.9118665257786
1772937503.0393825,-955.1156998863974
1772937503.0393915,1511.6606483410296
1772937503.0393996,1943.9133839141525
1772937503.0394077,-455.7780377831005
1772937503.039416,-2388.2123828421813
1772937503.0394237,-953.6289216052969
1772937503.0394318,2048.5060525488416
1772937503.03944,2317.488240238049
1772937503.0394478,-856.0706867544019
1772937503.039456,-3138.4451681704095
1772937503.039464,-976.7888331561745
1772937503.039472,3008.245968326492
1772937503.03948,3050.10808778862
1772937503.039488,-1619.0666874682572
1772937503.0394957,-4741.602597968167
1772937503.0395038,-1107.7900344811228
1772937503.039512,5330.9524289965075
1772937503.03952,5169.807975173505
1772937503.0395286,-3764.7845357454576
1772937503.039537,-10715.114587320018
1772937503.0395453,-2614.229796283936
1772937503.0395532,19702.811028458385
1772937503.0395615,39200.99943598874
1772937503.519308,38850.87926865887
1772937503.51936,19143.746767966706
1772937503.5193884,-2599.230569106334
1772937503.5194187,-10149.720770966116
1772937503.5194569,-3446.0700423483504
1772937503.5194852,4790.6813427698335
1772937503.5195136,4783.261762962317
1772937503.5195475,-1056.48398345855
1772937503.5195763,-4163.926743877434
1772937503.5196106,-1327.9118047674187
1772937503.5196204,2642.237844762078
1772937503.5196323,2470.188686649669
1772937503.5196464,-891.7974715707232
1772937503.5196617,-2551.486955011584
1772937503.5196726,-595.1635679004602
1772937503.5196817,1880.0848111076396
1772937503.5196903,1522.687176331515
1772937503.5196996,-829.4531435914693
1772937503.5197093,-1786.374166409415
1772937503.519718,-222.33788703495597
1772937503.5197265,1476.2640093277926
1772937503.5197356,995.3303937522355
1772937503.5197444,-795.0491422408236
1772937503.5197527,-1331.7045157687592
1772937503.5197637,3.254088319918723
1772937503.5197732,1217.4529245847957
1772937503.519782,654.536310672544
1772937503.5197904,-766.9718049005202
1772937503.519799,-1020.2432080866645
1772937503.5198076,157.11696306863521
1772937503.519816,1032.265054918773
1772937503.5198247,412.97181260262363
1772937503.519833,-739.4665184178726
1772937503.5198417,-785.9531687075804
1772937503.5198505,269.61328900610994
1772937503.519859,886.3503291965712
1772937503.519868,225.92023476948705
1772937503.5198767,-715.9230238215766
1772937503.5198853,-602.5217950339822
1772937503.519894,352.25543890955277
1772937503.5199027,762.1529384857307
1772937503.5199115,74.58071787720965
1772937503.51992,-689.3107683652246
1772937503.5199287,-444.7328579066624
1772937503.5199375,420.76131504001984
1772937503.519946,654.312599027678
1772937503.5199544,-53.22049824322574
1772937503.519963,-661.5731793936399
1772937503.5199716,-305.6045507650264
1772937503.5199804,477.6848338449672
1772937503.5199888,555.9034901575073
1772937503.5199976,-164.7663342752494
1772937503.520006,-630.9250545245387
1772937503.520016,-177.30452295068
1772937503.5200255,526.2985420114575
1772937503.520034,461.5630859796214
1772937503.520043,-267.429004911725
1772937503.5200512,-599.2813003234833
1772937503.52006,-57.44063068520161
1772937503.5200684,566.6544386218636
1772937503.5200772,366.97495356749886
1772937503.520086,-364.4293396450151
1772937503.5200949,-563.580782164698
1772937503.5201037,60.89809465731029
1772937503.5201123,602.4550860075196
1772937503.520121,269.95463498727304
1772937503.5201304,-459.1947909051561
1772937503.5201387,-523.128985998351
1772937503.5201476,181.75429700125963
1772937503.520156,636.1430243706701
1772937503.5201645,169.68701154037583
1772937503.5201728,-552.0036428603895
1772937503.5201814,-474.74017297365293
1772937503.5201898,308.09793792445026
1772937503.5201983,663.8966313272151
1772937503.5202067,55.16972816198593
1772937503.5202155,-653.1134092733013
1772937503.520224,-420.40352841454217
1772937503.520233,444.538600471593
1772937503.5202415,688.9176890913762
1772937503.52025,-75.10799632116198
1772937503.5202584,-763.0425070422019
1772937503.5202675,-353.65816195405284
1772937503.5202765,600.9346535331576
1772937503.5202856,714.9806156417422
1772937503.5202942,-225.37723236962304
1772937503.5203028,-884.1458538128819
1772937503.5203116,-266.5239507070255
1772937503.5203202,788.6355371732856
1772937503.5203288,740.8099803456776
1772937503.5203373,-412.97092844190763
1772937503.520346,-1032.92559595341
1772937503.5203545,-157.8395759277619
1772937503.520363,1019.5103516538707
1772937503.5203722,766.0319902664764
1772937503.5203812,-655.5077915856052
1772937503.52039,-1217.813061319612
1772937503.5203986,-2.532947920545703
1772937503.5204072,1333.176067422448
1772937503.5204158,796.3700796921719
1772937503.5204241,-994.6772940397803
1772937503.5204327,-1475.794662948029
1772937503.5204413,223.62284920572515
1772937503.5204496,1788.8775854285263
1772937503.520458,832.4639575198283
1772937503.5204663,-1520.3588428283806
1772937503.520481,-1879.0525761579836
1772937503.5204892,595.2137562700061
1772937503.520497,2551.237999453106
1772937503.5205047,891.6638635637975
1772937503.5205128,-2470.0462586951858
1772937503.5205212,-2641.510075713047
1772937503.5205295,1329.6957591841467
1772937503.5205376,4166.880847912081
1772937503.5205452,1060.0421249403744
1772937503.520553,-4779.898963120353
1772937503.5205612,-4787.791015598793
1772937503.520569,3448.820679021623
1772937503.520577,10152.520741022174
1772937503.5205853,2601.508256015376
1772937503.999652,36.196682234127664
1772937503.9996977,57.49774798480202
1772937503.9997244,-0.028618754862663992
1772937503.9997697,-57.373526574098285
1772937503.9998007,-35.60971958403115
1772937503.9998367,35.14613229993336
1772937503.9998603,57.077910364822095
1772937503.999879,-0.4077461553420808
1772937503.9998963,-58.235242103061566
1772937503.999909,-36.63766505403035
1772937503.9999204,34.45773359612326
1772937503.9999313,56.27969389790419
1772937503.999942,-2.356563726040029
1772937503.9999511,-61.23853653256118
1772937503.99996,-38.90566293565801
1772937503.999971,34.50548293910193
1772937503.99998,57.94366190806008
1772937503.9999893,-1.3109560889943677
1772937503.9999993,-61.76489060474676
1772937504.0000083,-39.63452120941459
1772937504.0000193,34.96525259061616
1772937504.000029,58.62913477168499
1772937504.0000381,-2.4968553642352362
1772937504.0000467,-64.69220351035725
1772937504.0000558,-41.41509671139081
1772937504.0000646,36.32873183241126
1772937504.0000734,61.24285848286056
1772937504.0000823,-2.1865562759123316
1772937504.000091,-66.97677306937787
1772937504.0001,-42.51964447346947
1772937504.0001087,39.33583712163781
1772937504.0001175,66.31841733767816
1772937504.0001264,0.5268686823920216
1772937504.000136,-67.41221192080647
1772937504.000145,-42.29595449204119
1772937504.000154,42.72008487501463
1772937504.0001628,69.5227040517795
1772937504.0001721,-1.7181221031613623
1772937504.000181,-74.60644388142828
1772937504.0001898,-47.58252918419557
1772937504.0001988,44.1629107692409
1772937504.0002074,74.02725751367416
1772937504.0002162,-1.5216622496793768
1772937504.0002248,-79.60432529797745
1772937504.0002337,-50.62224492497199
1772937504.0002425,48.345556899769555
1772937504.0002513,80.77236999738807
1772937504.00026,-1.1515911160036632
1772937504.0002687,-86.37786395739215
1772937504.0002837,-55.193448572407284
1772937504.0002947,53.11544677234649
1772937504.0003035,89.59132791264147
1772937504.0003123,0.6171957483879141
1772937504.0003211,-93.25650320124849
1772937504.00033,-60.087636152862196
1772937504.0003393,58.32530125482717
1772937504.000348,98.2325027499734
1772937504.000357,-0.4703340904947008
1772937504.000366,-104.92147785168355
1772937504.0003748,-67.91939316600444
1772937504.0003834,65.11556074847208
1772937504.000393,111.15512030386337
1772937504.0004025,1.2703687073181318
1772937504.0004113,-116.53792325840017
1772937504.00042,-75.79595486002498
1772937504.0004292,73.81087611710554
1772937504.0004385,125.38229476252828
1772937504.000447,-0.3854746735756926
1772937504.0004587,-135.28463148347592
1772937504.0004728,-87.84424619048974
1772937504.000487,85.99100557443046
1772937504.0004964,146.90329517444792
1772937504.0005052,0.8198654804717189
1772937504.0005138,-157.69710794297256
1772937504.0005229,-103.08927442784544
1772937504.000532,101.97435353944961
1772937504.0005407,175.65461742013207
1772937504.0005496,3.2746110455273074
1772937504.000559,-186.51862590385943
1772937504.0005684,-122.48030202368636
1772937504.0005772,124.39333573066159
1772937504.000586,214.9141175834005
1772937504.0005949,5.762599597473455
1772937504.000604,-228.05616185639823
1772937504.0006127,-151.59554215363346
1772937504.0006216,153.4911190713976
1772937504.0006304,267.4959123116588
1772937504.0006392,5.484854298587191
1772937504.0006523,-291.7695367225479
1772937504.000677,-196.0245511971346
1772937504.000692,197.4288620720069
1772937504.0007038,349.59581432612384
1772937504.0007129,9.596129676854071
1772937504.0007212,-385.9368752628253
1772937504.00073,-264.19602055766285
1772937504.0007384,264.86824459589536
1772937504.0007477,478.24639162553495
1772937504.000756,14.758137332682821
1772937504.0007648,-541.6282826217926
1772937504.0007732,-378.82565521806083
1772937504.000782,380.05359733375457
1772937504.0007908,703.3138755768726
1772937504.0007994,24.152989342927423
1772937504.000808,-829.3039706479342
1772937504.0008168,-600.8234544193343
1772937504.0008254,597.8664183418625
1772937504.000834,1157.654369807516
1772937504.0008435,57.55111190782563
1772937504.0008526,-1439.7808507826994
1772937504.0008616,-1108.1519346544994
1772937504.0008712,1103.9421622803873
1772937504.0008857,2316.789946324693
1772937504.0009,188.47214696355525
1772937504.0009143,-3227.1927362567008
1772937504.0009258,-2854.919066964605
1772937504.0009344,2849.4480520638
1772937504.0009432,7540.234119409541
1772937504.0009525,1672.0674996193545
1772937504.0009608,-16638.317252833098
1772937504.00097,-36152.102894658135
1772937504.2113,-1.1271041338976437
1772937504.2113395,-1.074461370108911
1772937504.2113657,-1.1072839145795916
1772937504.211392,-1.2044791877918164
1772937504.211413,-1.2632577073566236
1772937504.2114215,-1.3185193038172274
1772937504.21143,-1.5232721575126984
1772937504.211439,-1.9024185576322994
1772937504.2114472,-2.2452417184968283
1772937504.2114553,-2.318964117522473
1772937504.2114637,-2.133406531841646
1772937504.211472,-1.905821647245864
1772937504.211482,-1.77760976655687
1772937504.2114904,-1.6625123608387937
1772937504.2114985,-1.4162002139429961
1772937504.2115068,-1.0836739485174114
1772937504.2115204,-0.893347933539753
1772937504.2115307,-1.0179210198601294
1772937504.2115393,-1.41289014635847
1772937504.2115476,-1.8991075353915454
1772937504.211556,-2.324766889452009
1772937504.211564,-2.5989877604993064
1772937504.2115724,-2.6464071920276093
1772937504.2115805,-2.457031203815157
1772937504.2115884,-2.1936838174576194
1772937504.2115965,-2.120639880635772
1772937504.2116044,-2.3112242413325106
1772937504.2116122,-2.4681292851507246
1772937504.2116213,-2.1759499459809253
1772937504.21163,-1.3963291425596793
1772937504.211638,-0.6297690774675783
1772937504.211646,-0.4737341471460168
1772937504.211654,-1.0129483688195344
1772937504.2116623,-1.720715233464915
1772937504.2116704,-1.9868188137239775
1772937504.2116785,-1.6778876756282017
1772937504.2116866,-1.1374680690508097
1772937504.2116947,-0.7203923238151462
1772937504.2117026,-0.46424185968939813
1772937504.2117107,-0.23347077759845378
1772937504.2117188,-0.035039192505755636
1772937504.2117264,-0.03382612534223256
1772937504.2117345,-0.2642455499945718
1772937504.2117429,-0.4725046574715142
1772937504.2117505,-0.3459877315974611
1772937504.2117596,0.14344423477189605
1772937504.211768,0.713479765438643
1772937504.2117755,1.0794527593756558
1772937504.211784,1.1950882406230972
1772937504.211792,1.1542045383191193
1772937504.2118,0.9581452287308102
1772937504.7225013,0.8845949576279036
1772937504.7225416,0.9829557957681474
1772937504.722568,0.9956337963430297
1772937504.7225947,0.8134385670636173
1772937504.7226212,0.46523980382769925
1772937504.722648,0.10413986361542214
1772937504.72268,-0.09375683801116662
1772937504.7227063,-0.03567376851149493
1772937504.7227333,0.25437177170664893
1772937504.7227595,0.6794134594190819
1772937504.722788,1.123563822201891
1772937504.7228014,1.4664378109950922
1772937504.7228146,1.593122408719155
1772937504.7228272,1.4584032786196377
1772937504.72284,1.1671250275418115
1772937504.7228491,0.9452582307249617
1772937504.7228577,0.9620728690676813
1772937504.722866,1.1615234954721176
1772937504.722874,1.3083140872861523
1772937504.7228823,1.2329825968903905
1772937504.7228904,1.0115967094043192
1772937504.7228985,0.8703222121749888
1772937504.7229064,0.9314567111872873
1772937504.7229164,1.1102475530338682
1772937504.722925,1.268119232876645
1772937504.7229333,1.3862466503227766
1772937504.7229412,1.5096401720770445
1772937504.7229493,1.5607544840237384
1772937504.7229574,1.3478450686428551
1772937504.7229655,0.8396345238161326
1772937504.722973,0.35220931993188004
1772937504.7229815,0.31017447854915475
1772937504.7229893,0.771982987360093
1772937504.7229972,1.2898133257948359
1772937504.7230053,1.345590061105739
1772937504.7230134,0.9021439263010766
1772937504.7230225,0.4190744778070673
1772937504.7230303,0.3055685127401383
1772937504.7230384,0.47260465639424726
1772937504.7230463,0.5218930014031237
1772937504.7230544,0.3018791747833118
1772937504.7230625,0.09806142888137123
1772937504.7230704,0.21371726385855722
1772937504.723078,0.5125598274687407
1772937504.7230864,0.5626629040181519
1772937504.7230945,0.2265267179078993
1772937504.7231023,-0.08351284296560516
1772937504.7231104,0.12661273510893217
1772937504.7231188,0.7931807647044886
1772937504.7231266,1.3069324304355072
1772937504.7231348,1.209510012507099
1772937504.723143,0.7326623852223157
1772937504.723153,0.5032770934528042
1772937504.723162,0.7613974270440236
1772937504.72317,1.048426860836806
1772937504.723178,0.7544208130822188
1772937504.723186,-0.12866833322599378
1772937504.7231944,-0.9384457825179827
1772937504.7232025,-1.0209190789270062
1772937504.7232103,-0.3619908044728869
1772937504.7232184,0.5018057019454213
1772937504.7232265,1.095605219710953
1772937504.723235,1.4077377692584032
1772937504.723243,1.7096529554759792
1772937504.7232518,2.1283541757203763
1772937504.7232606,2.492976501076929
1772937504.7232692,2.547141715007183
1772937504.723277,2.2054702990408073
1772937504.7232852,1.5960897129296545
1772937504.7232933,0.9444583175199789
1772937504.7233014,0.4611837279826372
1772937504.7233093,0.26110433424473334
1772937504.7233171,0.27940560963561556
1772937504.7233255,0.26751145477612465
1772937504.7233334,-0.01930052551224577
1772937504.7233415,-0.5543018537159303
1772937504.723349,-1.0011195436978029
1772937504.7233572,-1.0287080376374669
1772937504.7233655,-0.6756190291467855
1772937504.7233737,-0.33615046984217317
1772937504.7233815,-0.3486157537032734
1772937504.7233932,-0.6422067327687065
1772937504.7234066,-0.8434648066971279
1772937504.7234192,-0.7041571027770586
1772937504.723432,-0.34905399055080066
1772937504.723442,-0.0879724905372268
1772937504.7234504,-0.0564645861673705
1772937504.7234583,-0.09910090958394858
1772937504.7234664,0.03729268714168461
1772937504.7234745,0.4799910579642459
1772937504.7234824,1.1905374304965008
1772937504.7234905,2.0327882861202737
1772937504.7234986,2.8005560639599127
1772937504.7235072,3.245460269816622
1772937504.723516,3.2238872829861647
1772937504.723524,2.873299840069975
1772937504.723532,2.557865875746632
1772937504.72354,2.536563122122927
1772937504.723548,2.6922399507025117
1772937504.7235563,2.6692042214061753
1772937504.723564,2.294472504038667
1772937504.723572,1.779406959035874
1772937504.72358,1.444452169572992
1772937504.7235878,1.3127781535762362
1772937504.7235956,1.101774434099205
1772937504.7236035,0.6357715115305658
1772937504.7236116,0.14519257674075778
1772937504.7236197,0.042014525377084055
1772937504.723628,0.4284699068360269
1772937504.723636,0.9494003492789403
1772937504.7236445,1.1790340899364786
1772937504.7236528,1.0775901880313994
1772937504.7236636,0.9898459378328057
1772937504.7236764,1.2328363125680193
1772937504.723689,1.7759122803113452
1772937504.7237,2.3148859354730322
1772937504.7237098,2.5354527201716137
1772937504.7237227,2.2410518413831038
1772937504.7237356,1.3545312758052228
1772937504.7237475,0.006230144979632087
1772937505.0606866,1.1509490483562894
1772937505.0607271,1.3551891844721013
1772937505.06076,1.47186385247966
1772937505.0607915,1.4359064621249964
1772937505.0608168,1.2567213260994654
1772937505.0608437,0.9890670318194281
1772937505.0608702,0.7298770196054609
1772937505.0608892,0.5733343818852431
1772937505.0608983,0.5363624037903415
1772937505.0609083,0.5565814260569408
1772937505.060917,0.5863051506435899
1772937505.0609248,0.6583893439576771
1772937505.0609336,0.8175600586984513
1772937505.0609417,0.9992943629525056
1772937505.06095,1.0372588440264099
1772937505.0609581,0.8283150014885412
1772937505.0609665,0.4642510288663435
1772937505.0609746,0.14799030358816184
1772937505.0609825,-0.039361987323714175
1772937505.060992,-0.2630514587772197
1772937505.0610013,-0.7909725647523396
1772937505.0610096,-1.6992253172581353
1772937505.061018,-2.70429677958969
1772937505.0610533,-3.2969544536504163
1772937505.0610611,-3.102788374878183
1772937505.0610693,-2.201408882254092
1772937505.061077,-1.1310320640913052
1772937505.0610855,-0.5126790792526277
1772937505.061093,-0.5508199724913697
1772937505.0611012,-0.8536244585526827
1772937505.0611098,-0.8080870474158397
1772937505.061118,-0.21464736261353723
1772937505.061126,0.4612010571401798
1772937505.061134,0.5536243266094982
1772937505.061142,-0.054263264331499556
1772937505.06115,-0.7225030536818676
1772937505.061158,-0.6883760712871698
1772937505.0611658,0.10930754644186942
1772937505.0611737,0.9490226067988947
1772937505.0611815,1.12065008345853
1772937505.0611897,0.7153948090114496
1772937505.0611975,0.5074611540283382
1772937505.061206,1.0571559165154076
1772937505.061214,2.0566197735531797
1772937505.061222,2.640959274634024
1772937505.06123,2.27480436052602
1772937505.061238,1.2252413789380059
1772937505.061246,0.19718219395199424
1772937505.0612557,-0.3346383476918242
1772937505.0612645,-0.3658998591481177
1772937505.0612726,-0.1074886166803213
1772937505.0612807,0.2668190534532944
1772937505.061289,0.581857211233454
1772937505.0612972,0.5869567092165169
1772937505.0613053,0.13835560029991256
1772937505.0613132,-0.5591082569902406
1772937505.0613213,-1.0717225606453065
1772937505.0613291,-1.1817126255662564
1772937505.0613372,-1.1042317935788724
1772937505.061345,-1.1483711067757898
1772937505.0613537,-1.2453883459908635
1772937505.0613625,-1.0126004706222105
1772937505.0613704,-0.33195482777049085
1772937505.0613785,0.3305478000272097
1772937505.0613863,0.385203652213705
1772937505.0613947,-0.14837944880450157
1772937505.0614028,-0.5982451753540172
1772937505.0614107,-0.43479749519524935
1772937505.0614183,0.055988540987498454
1772937505.0614264,0.11048828063523268
1772937505.0614345,-0.5292752463137628
1772937505.0614424,-1.2202428065776103
1772937505.0614505,-1.15715502721875
1772937505.0614583,-0.3584727192453314
1772937505.0614667,0.34372024141444624
1772937505.0614746,0.3273576738735717
1772937505.0614827,-0.05280792789044014
1772937505.0614913,0.06743594574524162
1772937505.0614996,0.9190613056634102
1772937505.0615077,1.700060078582194
1772937505.0615153,1.4381126792433463
1772937505.0615232,0.09590160877727982
1772937505.2666037,37396.06906159197
1772937505.2666838,21685.26348849192
1772937505.2667005,-428.21475188576477
1772937505.2667282,-12906.445034211269
1772937505.266738,-9068.686639462336
1772937505.2667477,3213.2851727044304
1772937505.2667568,9633.528651074028
1772937505.26677,3213.809123897776
1772937505.2667823,-9068.1038834677
1772937505.2668288,-12906.184058777497
1772937505.266838,-428.2506367324534
1772937505.2668471,21685.01659804238
1772937505.266856,37395.29749144375
1772937505.7449963,-3194.6702155887265
1772937505.745032,-2022.817589797737
1772937505.7450583,596.4229344992227
1772937505.7450848,1112.145894122886
1772937505.7451117,-865.7481233733715
1772937505.7451377,-2477.640426365489
1772937505.7451642,-1679.44028907127
1772937505.745191,222.068834182315
1772937505.745218,632.0624788596712
1772937505.7452445,-832.2784416100073
1772937505.7452712,-2071.3127335759054
1772937505.7452948,-1482.2498035227609
1772937505.7453043,-4.249226020918868
1772937505.7453127,341.82675325586524
1772937505.7453208,-803.6819701176137
1772937505.7453291,-1808.3053416781486
1772937505.7453372,-1356.3392949489298
1772937505.745345,-155.38293891830918
1772937505.7453532,150.8350729022699
1772937505.7453616,-780.0140667926488
1772937505.7453697,-1629.9859502905676
1772937505.7453775,-1277.6293667109437
1772937505.745386,-267.9970809804874
1772937505.7453942,17.209107610499487
1772937505.7454023,-757.5365122477249
1772937505.7454104,-1500.7282362921812
1772937505.7454205,-1225.7244997129685
1772937505.745434,-354.0245213971427
1772937505.7454464,-77.76390461513633
1772937505.745456,-734.8258523072424
1772937505.745464,-1403.7638926870159
1772937505.745472,-1191.7431225465664
1772937505.74548,-421.0882563255374
1772937505.745488,-144.41386683984473
1772937505.745496,-710.6804125749998
1772937505.745504,-1330.0434833556042
1772937505.745512,-1172.623866386298
1772937505.7455204,-476.58369182152677
1772937505.7455282,-191.08925309282728
1772937505.7455363,-684.6539769701918
1772937505.7455485,-1272.2913287335318
1772937505.7455635,-1163.6478884041435
1772937505.745576,-522.83953161166
1772937505.7455876,-223.03564964862028
1772937505.7455957,-659.70069498229
1772937505.7456036,-1231.658769426137
1772937505.7456117,-1167.712073532312
1772937505.7456193,-564.4560659164141
1772937505.7456272,-242.27358262344822
1772937505.7456353,-632.5713204370453
1772937505.745643,-1202.2902338451674
1772937505.7456508,-1181.026674123714
1772937505.74566,-600.86324253332
1772937505.745669,-248.6686358926224
1772937505.7456765,-601.3012919758188
1772937505.7456846,-1181.4809170520537
1772937505.7456927,-1202.467810986842
1772937505.7457008,-632.761009146939
1772937505.7457087,-243.1303862551959
1772937505.7457173,-566.2897053730635
1772937505.7457256,-1170.0468207270183
1772937505.7457335,-1233.5966930307263
1772937505.745742,-660.7671344051382
1772937505.74575,-223.63693786941406
1772937505.745758,-523.8463521004636
1772937505.745766,-1165.5374807852093
1772937505.745774,-1274.728160005981
1772937505.745782,-686.8761476794378
1772937505.74579,-192.59942296312354
1772937505.7457988,-477.40537141607007
1772937505.745807,-1172.9869173770023
1772937505.745815,-1330.0220376085701
1772937505.7458231,-710.2357016913719
1772937505.745831,-143.67085835665162
1772937505.745839,-420.3616083276004
1772937505.7458472,-1191.223872166059
1772937505.745855,-1403.3041825971566
1772937505.7458632,-734.1599842314049
1772937505.7458713,-76.89718967363494
1772937505.7458794,-353.25797953807466
1772937505.7458875,-1225.274025651515
1772937505.745896,-1500.4925436244923
1772937505.7459047,-757.405011166827
1772937505.7459128,16.894713875246932
1772937505.745921,-269.4453382239917
1772937505.7459292,-1280.5215917197984
1772937505.7459376,-1633.7452449807706
1772937505.7459457,-783.6035254252521
1772937505.7459536,147.93291853694595
1772937505.7459617,-158.00217865616742
1772937505.7459693,-1359.3306621362105
1772937505.7459774,-1811.641233944805
1772937505.7459853,-806.6135408755024
1772937505.7459934,339.86696311264546
1772937505.7460015,-5.538408305673511
1772937505.746009,-1483.6028017470119
1772937505.7460172,-2072.870107058985
1772937505.746025,-833.3166520123293
1772937505.7460341,632.1860724042829
1772937505.7460425,222.842794704139
1772937505.7460506,-1679.5204310489946
1772937505.7460585,-2479.7079735728194
1772937505.7460663,-869.4449515664422
1772937505.7460744,1108.3399678607034
1772937505.7460828,593.7931676566664
1772937505.746091,-2024.2284769804194
1772937505.7460988,-3195.799559673793
1772937505.7461069,-928.5816494889732
1772937505.7461147,2011.346768091997
1772937505.7461228,1327.6589359615436
1772937505.7461312,-2728.9263320141304
1772937505.7461395,-4763.149869466387
1772937505.7461476,-1095.0391311243284
1772937505.7461555,4276.148310346144
1772937505.7461636,3445.8150457700804
1772937505.7461717,-4819.54418133314
1772937505.7461796,-10703.006291234908
1772937505.746188,-2637.309305277734
1772937505.746196,18591.72663023278
1772937505.746204,37479.481070095935
1772937506.225858,-0.12105188004179013
1772937506.2259016,-0.014576909471015824
1772937506.2259355,-0.02888084333990321
1772937506.225964,0.0026084644115643416
1772937506.2259912,0.19686572984004602
1772937506.2260184,0.5247640375911929
1772937506.2260451,0.8833988504860854
1772937506.226086,1.2257993087827475
1772937506.2261105,1.5802401004317022
1772937506.226124,1.9589257331279823
1772937506.2261379,2.3012550758270147
1772937506.226149,2.5225636016898596
1772937506.2261612,2.5754655818076992
1772937506.2261744,2.4331502910538214
1772937506.226194,2.0629461883441227
1772937506.226208,1.5038857930910892
1772937506.2262216,0.9792208512697168
1772937506.2262387,0.8256219561315029
1772937506.2262537,1.193916035007576
1772937506.2262688,1.8195566363975495
1772937506.2262828,2.198568312560928
1772937506.2262952,2.0764565891528033
1772937506.2263076,1.7334952398346382
1772937506.2263196,1.701479146752364
1772937506.226332,2.181153700328174
1772937506.226344,2.8083800906747287
1772937506.2263565,3.0429112108926124
1772937506.226369,2.734281652378021
1772937506.2263813,2.218434783297744
1772937506.2263937,1.8708156061079477
1772937506.226406,1.6893448980150432
1772937506.2264183,1.4075994915145458
1772937506.2264304,0.9486719981244153
1772937506.2264428,0.6015618406785763
1772937506.2264552,0.6755651501722906
1772937506.226468,1.0789962272398435
1772937506.2264817,1.3838350441759522
1772937506.2264948,1.3206569256208585
1772937506.2265072,1.0850305423212507
1772937506.2265196,1.0567976074272407
1772937506.226532,1.2735743697746975
1772937506.226544,1.3268878533135218
1772937506.2265563,0.8389552095181576
1772937506.2265692,-0.045878024294839975
1772937506.226582,-0.7615891088384245
1772937506.2265944,-0.9195359607109527
1772937506.2266061,-0.7198708888746215
1772937506.22662,-0.7099550944751143
1772937506.2266388,-1.1790617419988663
1772937506.2266533,-1.870156464355476
1772937506.2266684,-2.2911335194738385
1772937506.2266848,-2.2301158022950074
1772937506.2266967,-1.907067675788454
1772937506.22671,-1.6615414818550593
1772937506.226724,-1.5851310749786753
1772937506.2267416,-1.4924114763924872
1772937506.226755,-1.1876259417732167
1772937506.2267673,-0.6807136897347994
1772937506.2267797,-0.14459408998504011
1772937506.226792,0.2594630310450431
1772937506.2268045,0.45338480845847606
1772937506.2268171,0.375086194315292
1772937506.2268293,-0.05730690958819446
1772937506.2268476,-0.8353691345695605
1772937506.2268608,-1.721833378756882
1772937506.2268755,-2.3018752439852315
1772937506.2268887,-2.2642125854566575
1772937506.2269008,-1.6793251626415182
1772937506.2269137,-0.9855267042204737
1772937506.226926,-0.6473990750031163
1772937506.2269392,-0.7787984440610239
1772937506.2269511,-1.0850562545183062
1772937506.2269635,-1.1831621569763149
1772937506.226976,-0.9815311181375935
1772937506.2269936,-0.735031068752869
1772937506.2270083,-0.7312938674834256
1772937506.227026,-0.9659649868026312
1772937506.2270422,-1.1793801455648323
1772937506.2270615,-1.2104372488520554
1772937506.2270756,-1.234954320192408
1772937506.227089,-1.5673297586249404
1772937506.2271068,-2.226528901761447
1772937506.2271218,-2.795166390414657
1772937506.2271345,-2.8040689207300047
1772937506.2271533,-2.2532715655268847
1772937506.2271664,-1.6663235898819615
1772937506.2271793,-1.568465234652141
1772937506.2271917,-1.941597801110065
1772937506.2272043,-2.259803267268271
1772937506.2272215,-2.062440362154632
1772937506.227236,-1.420819645659477
1772937506.2272487,-0.8005862270943646
1772937506.2272615,-0.5315024001789947
1772937506.2272737,-0.5203667617594269
1772937506.227288,-0.49555053724245485
1772937506.2273011,-0.4096960587177153
1772937506.2273142,-0.4696894185110552
1772937506.2273316,-0.7782722579539297
1772937506.2273464,-1.0877806726981962
1772937506.2273595,-1.0280244481986833
1772937506.2273772,-0.5570481721462013
1772937506.2273915,-0.0729896854315441
1772937506.2274044,-0.013889368499342709
1772937506.2274165,-0.38656683536100594
1772937506.2274292,-0.7581314643447172
1772937506.227444,-0.7106871021543414
1772937506.227462,-0.24609153469951212
1772937506.2274768,0.2762912092890339
1772937506.2274947,0.5378880035837301
1772937506.2275095,0.5285257465661598
1772937506.2275226,0.4427653873051596
1772937506.2275407,0.41479944640441313
1772937506.2275543,0.42813422149791236
1772937506.2275667,0.4496509071345164
1772937506.2276127,0.549675431295099
1772937506.2276313,0.8297289466657627
1772937506.2276452,1.2606472232428796
1772937506.2276573,1.652549320541576
1772937506.227669,1.8027014545168902
1772937506.2276807,1.6506565996852334
1772937506.70673,1.8367091364521657
1772937506.7067916,1.7196563563678875
1772937506.706818,1.4657647436002266
1772937506.7068546,1.0665119630195512
1772937506.706886,0.7140079655397337
1772937506.7069123,0.5898145173357557
1772937506.7069402,0.5708419084614077
1772937506.7069712,0.3216543314360099
1772937506.706998,-0.25127846820364197
1772937506.7070248,-0.7701103912162557
1772937506.7070334,-0.76603167116433
1772937506.7070425,-0.25937165924464406
1772937506.7070515,0.20957469905137624
1772937506.7070632,0.19836593112867143
1772937506.7070715,-0.12006216555520985
1772937506.7070808,-0.20182446042431468
1772937506.70709,0.16703426852999245
1772937506.7071023,0.6164953126459157
1772937506.7071157,0.7060657890500946
1772937506.7071288,0.5110569314511197
1772937506.7071373,0.4930141407137546
1772937506.707146,0.8375421003040137
1772937506.7071598,1.1784223032736454
1772937506.7071729,1.1099725386333334
1772937506.7071853,0.7933050786514024
1772937506.7071977,0.7870990848280489
1772937506.7072103,1.271521873662855
1772937506.707219,1.7079637166963135
1772937506.7072268,1.4598722138407911
1772937506.7072349,0.6151963335893204
1772937506.7072425,-0.08290410264273487
1772937506.707251,-0.15692335149385225
1772937506.70726,0.01821504078418704
1772937506.7072685,-0.2439245239282859
1772937506.7072763,-0.9575456491368359
1772937506.7072845,-1.351340920153093
1772937506.7072928,-0.8349447023610742
1772937506.7073007,0.18341827165649546
1772937506.7073083,0.7271929837089331
1772937506.7073164,0.4394343280835602
1772937506.7073245,0.028357806803264936
1772937506.7073324,0.3789961909865067
1772937506.7073405,1.432908887646891
1772937506.7073486,2.244927403549214
1772937506.7073572,2.143105337686294
1772937506.707366,1.5376209074170986
1772937506.707374,1.3936346217763935
1772937506.707382,2.068742428540889
1772937506.70739,2.9589844785261015
1772937506.7073984,3.3068685245088374
1772937506.7074063,3.067714769205381
1772937506.7074144,2.7657480393826055
1772937506.7074223,2.6559082914019565
1772937506.7074301,2.377814399710117
1772937506.7074385,1.5486933085094239
1772937506.7074463,0.4468021218504964
1772937506.7074544,-0.18153339262628526
1772937506.7074623,0.018328260009063683
1772937506.70747,0.5778942323003324
1772937506.7074783,0.7423484242169659
1772937506.707486,0.2879582257339314
1772937506.7074947,-0.3644869488866478
1772937506.7075028,-0.771147918106434
1772937506.707511,-0.9534047434012034
1772937506.7075193,-1.180324369364836
1772937506.7075272,-1.46922472386471
1772937506.707535,-1.5556514095502285
1772937506.7075431,-1.3581007597207517
1772937506.7075512,-1.2348620834352069
1772937506.707559,-1.6049129233721895
1772937506.7075675,-2.390441790078613
1772937506.7075753,-3.0221169904687395
1772937506.7075837,-3.044328820286989
1772937506.707592,-2.597287968314777
1772937506.7076004,-2.215468906505795
1772937506.7076085,-2.2226551045387994
1772937506.7076163,-2.439670749559839
1772937506.7076244,-2.4663337332629016
1772937506.7076323,-2.117119956966703
1772937506.7076404,-1.5264576437595148
1772937506.7076485,-0.9406206768972568
1772937506.7076564,-0.539205052392402
1772937506.7076645,-0.42579786705780454
1772937506.7076726,-0.6227029738106606
1772937506.7076805,-0.9784884006627045
1772937506.7076888,-1.170718562943665
1772937506.707697,-0.9503179393934174
1772937506.707705,-0.41285744268878843
1772937506.707713,0.06131347361223533
1772937506.7077212,0.1890921800321094
1772937506.7077296,0.052491916418758264
1772937506.707738,-0.06701222632535778
1772937506.7077463,-0.057623227182054024
1772937506.7077544,-0.06428774053997893
1772937506.707762,-0.20182291320587423
1772937506.70777,-0.31800203364442176
1772937506.707778,-0.1613310787474868
1772937506.707786,0.25916318173825403
1772937506.7077937,0.6236195725351207
1772937506.7078018,0.6642801285847432
1772937506.7078097,0.48887932737299616
1772937506.707818,0.44805447293495504
1772937506.707826,0.7146239645927732
1772937506.7078347,1.098033623057826
1772937506.7078428,1.29032314034931
1772937506.7078507,1.1955637749106591
1772937506.7078588,0.9530812338042813
1772937506.707867,0.7207364668199437
1772937506.7078748,0.5650418054943293
1772937506.707883,0.5478657099429215
1772937506.7078907,0.7498357455523542
1772937506.7078986,1.0939204230782715
1772937506.7079065,1.2490686317793747
1772937506.7079144,0.9137140730918384
1772937506.7079225,0.2478708230075581
1772937506.7079303,-0.14102263322750003
1772937506.7079384,0.18375453702149436
1772937506.7079463,0.9109254710923385
1772937506.7079544,1.1935492410623434
1772937506.7079628,0.5254739197740556
1772937506.781618,-0.7094331245675428
1772937506.7816472,-1.3093606477880604
1772937506.7816575,-1.1595255867304946
1772937506.7816665,-0.6478266144260014
1772937506.781675,-0.31935787264270443
1772937506.7816844,-0.3281062181164082
1772937506.7816937,-0.4620626628625942
1772937506.781702,-0.5289875367713676
1772937506.781711,-0.5059544028391025
1772937506.7817209,-0.33842192717195896
1772937506.78173,0.14569032428527395
1772937506.7817447,0.9328626037884244
1772937506.7817552,1.5485128055992998
1772937506.7817657,1.3688067284800187
1772937506.7817736,0.3414187539142854
1772937506.781782,-0.7421602883931355
1772937506.7817905,-0.9005184968701863
1772937507.3321476,-0.9775861181243402
1772937507.332188,-0.3668831357797786
1772937507.3322182,0.4568080663241665
1772937507.3322513,0.953566362392036
1772937507.3322797,0.8986307441163608
1772937507.332303,0.5435825191634635
1772937507.3323267,0.34111468950904883
1772937507.332352,0.4932107872977542
1772937507.3323665,0.7818085147297066
1772937507.3323805,0.8609000612165207
1772937507.332394,0.6822576753091878
1772937507.3324125,0.5552097303341628
1772937507.3324263,0.7508414181253026
1772937507.3324392,1.1218242106462066
1772937507.3324535,1.2381605930313933
1772937507.3324647,0.93007955513502
1772937507.3324769,0.5793680331463651
1772937507.3324885,0.7302291685449337
1772937507.3325005,1.411734095151367
1772937507.3325129,1.9950426216943629
1772937507.3325255,1.8432931477877676
1772937507.3325388,1.0502182479380149
1772937507.3325531,0.37982462235491804
1772937507.3325632,0.4207494917728228
1772937507.3325732,0.9219457711283451
1772937507.332582,1.104485737143722
1772937507.3325903,0.5972551020079506
1772937507.3325996,-0.11257936042365961
1772937507.3326082,-0.25440528228783404
1772937507.3326197,0.31141868051090843
1772937507.3326323,0.9246382404548371
1772937507.3326452,0.8809974854489101
1772937507.3326595,0.19642205521823763
1772937507.3326738,-0.4983994207911538
1772937507.332688,-0.731393907013404
1772937507.3326983,-0.6629304711846663
1772937507.3327067,-0.7449740078729117
1772937507.3327155,-1.0845511257760452
1772937507.3327272,-1.3363248742197897
1772937507.3327408,-1.2062489264230187
1772937507.3327556,-0.8647627995172366
1772937507.3327684,-0.7334082389096723
1772937507.332782,-0.9482944158202485
1772937507.332795,-1.20455300277399
1772937507.3328037,-1.1621778584264957
1772937507.3328123,-0.8683474192519017
1772937507.332821,-0.6618201826005563
1772937507.3328297,-0.7143425159843173
1772937507.332838,-0.8146340226322407
1772937507.3328464,-0.6566844538522739
1772937507.332855,-0.24302247732568344
1772937507.3328636,0.1056294484610649
1772937507.3328729,0.12373990031009498
1772937507.3328822,-0.11363461019961983
1772937507.332891,-0.31058121973933384
1772937507.3328996,-0.2836210668313205
1772937507.3329082,-0.11029153776281206
1772937507.3329167,0.016296107963948144
1772937507.3329256,-0.011851256574276136
1772937507.3329341,-0.1839311589298074
1772937507.3329425,-0.4558247620601989
1772937507.3329513,-0.784204060533727
1772937507.33296,-1.0824821373088866
1772937507.3329685,-1.2196019913518104
1772937507.3329768,-1.1173079189278148
1772937507.3329854,-0.8433533877449142
1772937507.332997,-0.5843071934641397
1772937507.333011,-0.5176573111879764
1772937507.3330245,-0.6939194483498459
1772937507.3330374,-0.997252457295113
1772937507.3330517,-1.188519429594283
1772937507.333066,-1.031429753733378
1772937507.3330753,-0.478027408964045
1772937507.333084,0.21619198104742732
1772937507.3330927,0.6178096072485734
1772937507.3331013,0.460325009951085
1772937507.33311,-0.09380634011145367
1772937507.3331192,-0.5759056831897078
1772937507.333128,-0.6404237445197496
1772937507.3331363,-0.36836851057428566
1772937507.3331451,-0.13591589870942902
1772937507.3331587,-0.22682677274673166
1772937507.333173,-0.6275127506924817
1772937507.333186,-1.1623050405709627
1772937507.3331945,-1.694567676359257
1772937507.3332033,-2.114932811001122
1772937507.333212,-2.2316709446798284
1772937507.3332205,-1.8677278607487688
1772937507.3332293,-1.139216782016749
1772937507.333238,-0.5075638546943901
1772937507.3332465,-0.3853755417286573
1772937507.3332548,-0.6828585643859708
1772937507.3332636,-0.8823652346889831
1772937507.333272,-0.637939725485579
1772937507.3332803,-0.2015975552361489
1772937507.3332891,-0.12002449192717092
1772937507.333298,-0.5389321077476749
1772937507.3333063,-0.9840544876176441
1772937507.333316,-0.9255989013837133
1772937507.3333251,-0.4399297759764953
1772937507.3333337,-0.1292014607024909
1772937507.3333423,-0.37922251577749255
1772937507.333351,-0.8729042462865237
1772937507.3333597,-0.9564578596637895
1772937507.333368,-0.38567530908255765
1772937507.3333766,0.46718219225991664
1772937507.3333852,1.1361472657923983
1772937507.333394,1.5766186691721475
1772937507.3334026,2.016302518899736
1772937507.3334112,2.4235193354504037
1772937507.3334231,2.3901478189878196
1772937507.3334336,1.6375887492966283
1772937507.3334424,0.4766013832264272
1772937507.3334508,-0.41903086882528257
1772937507.3334599,-0.6703432685551897
1772937507.3334684,-0.47514867652366266
1772937507.3334773,-0.2254355862681664
1772937507.333486,-0.03572207799859155
1772937507.3334944,0.20298789193122765
1772937507.3335032,0.42669284049331885
1772937507.7835815,1.0477021356690635
1772937507.7836204,0.8692024258336463
1772937507.7836435,0.7144354317044518
1772937507.7836664,0.539098751518051
1772937507.7836862,0.3246914356110763
1772937507.7837057,0.17138915302757857
1772937507.78373,0.2134357470553481
1772937507.7837603,0.4334180310740822
1772937507.7837777,0.6233080640867981
1772937507.7837863,0.5905717382326192
1772937507.783796,0.3831390144211232
1772937507.7838047,0.23953127913987293
1772937507.7838132,0.3017464600820545
1772937507.7838218,0.4542024430473267
1772937507.7838304,0.51453114281156
1772937507.7838392,0.5339316964139103
1772937507.7838476,0.7803391336143168
1772937507.7838566,1.369227622576738
1772937507.783865,1.9995156751445982
1772937507.7838745,2.1797512245265844
1772937507.7838848,1.7318069633295035
1772937507.7838936,0.9860387592561688
1772937507.7839024,0.43362213454099163
1772937507.7839108,0.24940896666372678
1772937507.7839196,0.22169883477112357
1772937507.783928,0.08809684637512107
1772937507.7839394,-0.19730673225549217
1772937507.7839537,-0.5473784759711293
1772937507.7839675,-0.9254514623036724
1772937507.783981,-1.286573672843502
1772937507.78399,-1.4007368410809944
1772937507.7839987,-0.9766207535122168
1772937507.7840075,-0.1012563790128371
1772937507.784016,0.5766483802184645
1772937507.7840247,0.3503340650924459
1772937507.7840333,-0.7822803053879704
1772937507.7840428,-2.008821555780234
1772937507.784052,-2.4971473463591773
1772937507.7840714,-2.2390544578590292
1772937507.78408,-1.9454108057991857
1772937507.7840884,-2.109975650886923
1772937507.784097,-2.395615792848863
1772937507.7841055,-2.1176814279514637
1772937507.7841141,-1.219988767820502
1772937507.784123,-0.4864608946370126
1772937507.7841315,-0.6668679732993985
1772937507.78414,-1.5690732343423717
1772937507.7841487,-2.2449925077002137
1772937507.7841578,-2.0608842003305403
1772937507.7841668,-1.3671865756112611
1772937507.7841825,-1.0033870395053532
1772937507.784195,-1.3025792612944014
1772937507.7842083,-1.8007656203319011
1772937507.784218,-1.8980149213807809
1772937507.784226,-1.5546833015240256
1772937507.7842336,-1.1947552545311164
1772937507.784242,-1.0923576703120217
1772937507.7842498,-1.1230699163624593
1772937507.784258,-1.1324203133175483
1772937507.7842655,-1.270459698270744
1772937507.7842736,-1.7364715876145598
1772937507.7842815,-2.303957076255173
1772937507.7842896,-2.4054019501969823
1772937507.7842975,-1.8124978235599014
1772937507.7843053,-1.0443110534662081
1772937507.7843144,-0.8654883726440034
1772937507.7843225,-1.3946247603886555
1772937507.7843306,-1.923821340577882
1772937507.7843387,-1.7283161457577474
1772937507.7843468,-0.9150206297802131
1772937507.7843547,-0.28795640944903217
1772937507.7843626,-0.4063934756229066
1772937507.7843707,-0.9769082912349826
1772937507.7843788,-1.2662006202426923
1772937507.7843869,-0.9666904622022533
1772937507.7843945,-0.47136579753703617
1772937507.7844026,-0.33129768877172
1772937507.784411,-0.655508599093765
1772937507.7844195,-1.145033523061523
1772937507.7844274,-1.5558640684221736
1772937507.7844355,-1.9043363748530946
1772937507.7844434,-2.2224396778129334
1772937507.7844512,-2.348051187858954
1772937507.784459,-2.1341402756113923
1772937507.7844672,-1.7756451664730522
1772937507.784475,-1.7051876169617792
1772937507.7844827,-2.086733358897652
1772937507.7844908,-2.544380576020996
1772937507.7844987,-2.530118440089036
1772937507.7845066,-1.9289201745493683
1772937507.7845147,-1.1828296539466678
1772937507.7845223,-0.8086728676844321
1772937507.7845306,-0.9078248720631952
1772937507.7845385,-1.199993869631685
1772937507.784551,-1.4109324142625033
1772937507.7845635,-1.4724112918734045
1772937507.784575,-1.388234940525893
1772937507.7845857,-1.1333091969753486
1772937507.7845984,-0.8190636200297958
1772937507.78461,-0.8080888501240925
1772937507.784618,-1.3899361355071014
1772937507.784626,-2.2715328625527422
1772937507.784634,-2.6142152492179513
1772937507.784642,-1.8418950611805371
1772937507.7846503,-0.42354882733292065
1772937507.784658,0.3790917098798938
1772937507.7846663,-0.2589646855432387
1772937507.784675,-1.774468117970681
1772937507.7846828,-2.650608637935758
1772937507.7846909,-1.8868075709451204
1772937507.9763706,-33579.16734593168
1772937508.0115178,-18066.905033626274
1772937508.0115447,-2198.1887257615085
1772937508.0115557,6411.993308997006
1772937508.0115643,8614.100679303534
1772937508.0115745,6411.754424120083
1772937508.0115829,-2198.0650321382677
1772937508.0115907,-18065.695070630838
1772937508.0115993,-33576.668249534814
1772937508.0918448,-36151.157305986766
1772937508.0918665,-21349.813771200657
1772937508.091878,93.76835637214012
1772937508.0918894,11663.174791229274
1772937508.091905,7484.330147358363
1772937508.091916,-2851.1755805086755
1772937508.0919259,-6271.375623338684
1772937508.0919352,-498.36417467715637
1772937508.56877,43145.14748278074
1772937508.5688095,23399.29873770886
1772937508.568838,-3633.2513914080646
1772937508.5688667,-14415.988911290016
1772937508.568895,-5136.005210222543
1772937508.5689235,7508.597992733568
1772937508.568952,7927.929313361245
1772937508.568982,-1582.071083072374
1772937508.5690172,-7320.960211217587
1772937508.569039,-2771.2850973522245
1772937508.5690486,4647.077092932368
1772937508.5690577,5014.89197158996
1772937508.5690668,-1194.6926939741097
1772937508.5690756,-5098.248993477046
1772937508.5690844,-1867.9665190642609
1772937508.5690935,3483.13100015214
1772937508.5691023,3694.0791582282836
1772937508.569111,-1014.9245947438671
1772937508.5691204,-3954.1275963710405
1772937508.5691292,-1375.3297459902806
1772937508.569138,2829.14173098408
1772937508.5691469,2922.723249583438
1772937508.569156,-905.7178935012876
1772937508.5691648,-3245.8959707935896
1772937508.569178,-1066.847061683681
1772937508.5691943,2400.5725271558686
1772937508.569208,2413.486484406393
1772937508.5692167,-827.2982522268251
1772937508.5692255,-2759.9732801987625
1772937508.5692344,-857.5027352187363
1772937508.5692432,2094.4757782882707
1772937508.5692525,2052.6813457828666
1772937508.5692613,-766.0947542116754
1772937508.56927,-2407.263059515402
1772937508.5692792,-710.4548009018619
1772937508.5692878,1864.8524749050412
1772937508.5692968,1790.652706410566
1772937508.5693054,-709.4934884053562
1772937508.5693142,-2138.621433691153
1772937508.5693228,-606.6205259705314
1772937508.5693316,1683.1286219920592
1772937508.5693405,1593.7872432263568
1772937508.5693495,-657.704132329911
1772937508.5693583,-1931.9639697923567
1772937508.569367,-536.8882322145533
1772937508.5693758,1536.1018553726162
1772937508.5693846,1450.174737602529
1772937508.5693932,-601.7129087569463
1772937508.569402,-1767.708024793461
1772937508.5694103,-494.97449430413917
1772937508.5694191,1410.6524120406882
1772937508.569428,1343.1780503701755
1772937508.5694368,-547.0673837742629
1772937508.5694454,-1643.236615409968
1772937508.5694628,-480.65791262999784
1772937508.5694776,1303.9441105585504
1772937508.5694904,1275.8119870836526
1772937508.5694993,-481.6199376960862
1772937508.5695076,-1546.0875791790063
1772937508.569517,-490.902499316639
1772937508.5695255,1210.819074461934
1772937508.5695343,1242.926919686454
1772937508.569543,-407.8568853881817
1772937508.5695517,-1480.9663745102516
1772937508.5695603,-534.4942887294684
1772937508.5695689,1125.2072344638993
1772937508.5695784,1247.4081733622593
1772937508.5695877,-318.6660283012508
1772937508.5695963,-1446.548739104161
1772937508.569605,-615.9816521073085
1772937508.5696137,1048.0733578192055
1772937508.5696225,1301.3126509861015
1772937508.569631,-202.76014641794353
1772937508.5696397,-1447.0776098239958
1772937508.5696483,-749.3062919310181
1772937508.5696568,978.6559548457487
1772937508.5696652,1424.6424033381795
1772937508.569674,-44.34937070277275
1772937508.5696828,-1498.7941834037078
1772937508.5696917,-970.3221327390331
1772937508.5697,906.3613966942569
1772937508.5697088,1648.1547261619833
1772937508.5697172,182.29219254907454
1772937508.5697267,-1633.6500496932697
1772937508.5697355,-1341.90504844255
1772937508.569744,830.6197165035469
1772937508.5697532,2065.8291699432257
1772937508.569762,557.0594024675798
1772937508.5697703,-1917.9418225863676
1772937508.5697792,-2024.0500893992166
1772937508.569788,733.4659738813388
1772937508.5697966,2912.1204964113836
1772937508.5698051,1292.884929545412
1772937508.5698135,-2566.2485469194053
1772937508.5698223,-3558.712240339063
1772937508.5698311,531.9882503824326
1772937508.5698404,5123.435564132322
1772937508.5698488,3412.5613062039024
1772937508.5698576,-4603.035114138744
1772937508.5698664,-9465.940454218731
1772937508.5698748,-1041.8737066810104
1772937508.5698836,19388.011005867535
1772937508.5698926,37444.989975319164
1772937509.1579804,-235.63819390112826
1772937509.1580167,733.5717217268234
1772937509.158043,670.0386932133594
1772937509.1580696,-329.6566652174266
1772937509.158096,-857.6122485951437
1772937509.1581228,-176.5988811159444
1772937509.1581492,750.5594208827898
1772937509.1581757,621.1445907692994
1772937509.1582022,-378.4289303590213
1772937509.1582298,-841.7855670371193
1772937509.158255,-121.57307693345379
1772937509.1582763,765.7945008740801
1772937509.158285,573.888677780413
1772937509.1582928,-423.18621974888447
1772937509.1583009,-821.3369830473956
1772937509.1583087,-62.16464848582371
1772937509.1583169,785.0581686870619
1772937509.1583247,529.6009306497943
1772937509.1583328,-467.54649866583947
1772937509.1583412,-803.9674405788602
1772937509.1583495,-8.35276457954757
1772937509.1583583,798.5471591133686
1772937509.1583676,481.388807105186
1772937509.1583755,-513.4096936489119
1772937509.1583836,-786.2950553384297
1772937509.1583917,46.78665794332559
1772937509.1583996,814.0872764247084
1772937509.1584077,435.9464128383957
1772937509.1584156,-556.1213825267864
1772937509.1584237,-766.0767139546997
1772937509.1584315,102.73372020968819
1772937509.1584396,828.4605681472644
1772937509.1584482,388.515191803824
1772937509.158456,-599.9835399768365
1772937509.158464,-745.5681390544404
1772937509.1584723,159.4838100389922
1772937509.1584802,843.0109650968127
1772937509.158488,340.7848219058683
1772937509.1584969,-643.5622593473546
1772937509.1585057,-724.0615095879366
1772937509.1585138,216.55280883131445
1772937509.158522,856.189441424877
1772937509.15853,291.3615394303126
1772937509.158538,-686.4897071271779
1772937509.1585464,-699.0106335561454
1772937509.1585548,277.1667745246463
1772937509.158563,869.6333121605691
1772937509.1585712,239.18384322764098
1772937509.158579,-731.746665705871
1772937509.1585867,-673.6393564627977
1772937509.158595,339.09708573800526
1772937509.158604,882.5874001392597
1772937509.158612,185.07433584156342
1772937509.15862,-777.2349017922909
1772937509.158628,-645.7546580588825
1772937509.158636,402.8443345422836
1772937509.1586444,892.909952127905
1772937509.1586523,125.3225352720496
1772937509.1586604,-825.829147940831
1772937509.1586685,-615.7209861231235
1772937509.1586764,470.3292174490562
1772937509.1586845,903.549353731916
1772937509.1586924,63.06895763321361
1772937509.1587005,-874.5417136697537
1772937509.1587086,-581.5534752881689
1772937509.158717,541.2085112773048
1772937509.1587253,911.658898744701
1772937509.1587336,-5.046838492022711
1772937509.158742,-924.6650193091007
1772937509.15875,-541.9869477230059
1772937509.158758,617.3307637689463
1772937509.158766,917.8202179731218
1772937509.158774,-79.31833625006443
1772937509.1587815,-976.0185657087341
1772937509.1587899,-496.79522204122543
1772937509.1587977,696.9791322860659
1772937509.1588056,918.3033348831709
1772937509.158814,-161.92709119780315
1772937509.158822,-1025.5929286867333
1772937509.15883,-438.9887702404892
1772937509.1588387,785.635886059986
1772937509.1588469,913.5136337917747
1772937509.1588552,-255.39028774315653
1772937509.158863,-1074.9888558845098
1772937509.1588707,-370.00545727605726
1772937509.158879,877.8504293799982
1772937509.1588871,894.2973687261153
1772937509.1588953,-365.0848734339618
1772937509.158903,-1120.0210278511167
1772937509.158911,-281.3616202541818
1772937509.1589189,975.3679765102128
1772937509.1589267,854.5303782590066
1772937509.158935,-492.40335719714056
1772937509.1589432,-1148.6165536758997
1772937509.158951,-159.35445356257563
1772937509.158959,1073.1318166400438
1772937509.1589675,772.1416547180015
1772937509.1589756,-647.1139155550662
1772937509.1589837,-1139.0000926723733
1772937509.1589916,23.954663490724517
1772937509.1589997,1161.4726485486124
1772937509.1590075,603.9864092110666
1772937509.1590157,-842.1075466915509
1772937509.1590235,-1035.2783244757507
1772937509.159032,327.1138229644764
1772937509.15904,1194.9133716990132
1772937509.159048,221.1956273246304
1772937509.159056,-1106.546373613982
1772937509.1590643,-653.1530948344437
1772937509.1590726,943.1688857015217
1772937509.1590805,1013.4756425396579
1772937509.1590886,-849.9338760701302
1772937509.1590967,-1547.571465760928
1772937509.1591043,828.9159705657572
1772937509.1591125,2838.479025467162
1772937509.1591203,-288.2849544678501
1772937509.1591287,-5951.171021511987
1772937509.1591365,-3459.5451533504274
1772937509.1591444,13818.237140043135
1772937509.1591525,36359.041497391794
1772937509.6400735,1.5073810719865963
1772937509.6401181,1.981249961935432
1772937509.640145,3.10698863283198
1772937509.6401715,4.051313785790361
1772937509.6401985,4.020464339074907
1772937509.6402314,2.970072515403039
1772937509.640257,1.5758977280019677
1772937509.6402836,0.5693547459504532
1772937509.6403117,0.1705401312547276
1772937509.640344,0.13645958280562343
1772937509.6403742,0.2173770250691705
1772937509.6403828,0.43272832655678234
1772937509.640391,0.9011299492917367
1772937509.6403992,1.5204801655213418
1772937509.6404073,1.9338552686803425
1772937509.640416,1.8391858002778285
1772937509.6404262,1.2941410715185784
1772937509.640444,0.6821561719254958
1772937509.6404583,0.3760429482049576
1772937509.64047,0.43611472020035225
1772937509.640483,0.6199299953911334
1772937509.640496,0.6652505666522179
1772937509.6405053,0.5613343184732271
1772937509.6405137,0.5579880888161501
1772937509.640522,0.9170177506341228
1772937509.64053,1.646597538449937
1772937509.6405385,2.467004492636858
1772937509.6405468,3.032020144174594
1772937509.640555,3.187203999955899
1772937509.6405632,3.0275520836846708
1772937509.6405714,2.7436906104829824
1772937509.6405797,2.465775804363384
1772937509.6405876,2.2701851655815704
1772937509.6405957,2.263026795805882
1772937509.6406047,2.531203297923301
1772937509.6406143,2.9518599267615655
1772937509.6406229,3.13269100357127
1772937509.6406312,2.6995654801276783
1772937509.6406393,1.7246641532541975
1772937509.6406484,0.7969317963177163
1772937509.6406567,0.5301952129783497
1772937509.6406648,0.9502319116587469
1772937509.6406727,1.4422048087919217
1772937509.6406815,1.3866378652786915
1772937509.64069,0.8191170795713649
1772937509.640699,0.3554007981630418
1772937509.6407082,0.42706891097630945
1772937509.6407173,0.694297574216004
1772937509.6407251,0.35655237670306195
1772937509.6407337,-0.1270789869773538
1772937509.640742,-0.377230282532944
1772937509.6407502,-0.365823002835057
1772937509.6407585,-0.017951498020795726
1772937509.6407669,0.2558784499582878
1772937509.6407747,0.06809995725342492
1772937509.6407833,-0.42900664008674516
1772937509.6407917,-0.7029570658058665
1772937509.6408,-0.5064826303240852
1772937509.6408086,-0.20973346518813873
1772937509.6408167,-0.3535199014343643
1772937509.6408255,-0.9568780524890256
1772937509.640834,-1.4380125537863686
1772937509.6408422,-1.2593326017250788
1772937509.6408515,-0.5243970562388045
1772937509.6408603,0.1638879024126536
1772937509.6408684,0.3629437534131163
1772937509.6408768,0.16795468307376266
1772937509.6408849,-0.057161827913000694
1772937509.640893,-0.14149722468813117
1772937509.640901,-0.16871970183519602
1772937509.6409094,-0.18151079419540622
1772937509.6409178,-0.05648880542860536
1772937509.640926,0.24115296067823438
1772937509.640934,0.43961751983227876
1772937509.640942,0.20330378452537193
1772937509.6409514,-0.3989773461056061
1772937509.6409602,-0.8441032212199062
1772937509.6409683,-0.6962341460058351
1772937509.6409764,-0.1287413946447985
1772937509.6409848,0.2352447629038192
1772937509.640993,0.014844975385159217
1772937509.6410017,-0.5165832440115649
1772937509.6410096,-0.7781587779437532
1772937509.641018,-0.5491151133969229
1772937509.6410263,-0.16712697118481395
1772937509.6410344,-0.08411422568118831
1772937509.6410427,-0.37292678959653996
1772937509.6410513,-0.7487307458779445
1772937509.6410625,-0.97062677359427
1772937509.6410754,-1.069015039417856
1772937509.6410885,-1.1823755134022833
1772937509.641101,-1.3281633684206837
1772937509.641115,-1.4320423271517138
1772937509.641124,-1.4872119051499328
1772937509.6411324,-1.528997442542561
1772937509.641141,-1.4578220032344325
1772937509.6411493,-1.0607739040256219
1772937509.641162,-0.3244450128287882
1772937509.641175,0.3712027943659865
1772937509.6411881,0.5568412255244809
1772937509.6412008,0.2103415995934358
1772937509.6412091,-0.14862396235297293
1772937509.6412175,-0.007973474142801024
1772937509.641226,0.5681924174685128
1772937509.6412349,1.0597633743036776
1772937509.6412473,1.1569161024496293
1772937509.6412604,1.1156087795064495
1772937509.6412742,1.3355774372796807
1772937509.6412833,1.7268967120284415
1772937509.6412942,1.7468060113288588
1772937509.6413069,1.1183732029028204
1772937509.64132,0.2968303253770682
1772937509.641333,0.00738144442459668
1772937509.6413467,0.3719622303259407
1772937509.6413581,0.7305518830934234
1772937509.6413665,0.4260790970587516
1772937509.6413743,-0.4091915332942291
1772937509.6413825,-1.0563733057332474
1772937510.1144335,-3160.2119141058242
1772937510.1144805,-378.18568638361603
1772937510.1145089,3381.6482038887525
1772937510.1145444,2668.775232380662
1772937510.1145775,-2226.0983545277877
1772937510.114606,-4728.730681926504
1772937510.1146345,-498.8933761061951
1772937510.114663,5675.665982357815
1772937510.1146915,4760.373995812472
1772937510.1147218,-4359.8255887594505
1772937510.1147552,-10665.271786157755
1772937510.11477,-1992.836932836101
1772937510.1147823,20019.527957057373
1772937510.1147916,38763.00664301006
1772937510.1148007,38267.919147458546
1772937510.1148105,19231.861918679835
1772937510.114821,-1963.0314110313886
1772937510.1148298,-9859.72645073584
1772937510.1148386,-3914.1837424496716
1772937510.1148472,4216.585293946572
1772937510.1148565,4908.103761499262
1772937510.1148658,-405.9883658014796
1772937510.1148748,-3901.2083389841905
1772937510.114884,-1826.1696811595968
1772937510.1148925,2078.568844436291
1772937510.1149049,2633.828608861169
1772937510.114935,-226.2197762732132
1772937510.1149492,-2318.22444419935
1772937510.1149626,-1127.9442709305156
1772937510.1149764,1322.863188424117
1772937510.1149898,1723.030218605524
1772937510.115004,-149.8247079526883
1772937510.115019,-1583.3854769828001
1772937510.1150293,-788.7955524399262
1772937510.1150382,930.2319042203234
1772937510.1150467,1240.2170592777793
1772937510.1150556,-94.9060303851639
1772937510.1150641,-1157.7492157104193
1772937510.1150727,-599.8715237768823
1772937510.1150815,679.7959664139513
1772937510.1150901,943.7203748449264
1772937510.1150987,-46.05843284970173
1772937510.1151075,-877.5306454821839
1772937510.1151164,-486.8381640438079
1772937510.1151257,499.85390640816314
1772937510.1151347,745.0176795537161
1772937510.1151454,-0.4358787506895023
1772937510.1151595,-680.0924440679196
1772937510.1151721,-420.1799490827282
1772937510.1151845,360.4153176278408
1772937510.1151965,608.7873665926296
1772937510.1152084,49.81407948372484
1772937510.1152225,-529.8594256598864
1772937510.1152349,-383.08248022372953
1772937510.1152468,245.28483588090086
1772937510.1152587,514.0172639475222
1772937510.115271,105.8808933291026
1772937510.1152847,-410.3424040758405
1772937510.1152976,-368.722464740729
1772937510.115311,143.40405193499336
1772937510.115325,447.0902015220579
1772937510.1153347,166.36716748108995
1772937510.1153436,-315.07477680009606
1772937510.1153533,-376.6972927189209
1772937510.115368,46.020320096336306
1772937510.1153817,400.7273877182547
1772937510.1153948,234.08485576379906
1772937510.1154037,-235.4622313003
1772937510.115412,-402.2458811636469
1772937510.1154206,-47.506862504858525
1772937510.1154292,375.64509333903413
1772937510.115438,314.6958873053894
1772937510.1154466,-166.23606024218716
1772937510.1154556,-446.8378774605419
1772937510.1154647,-143.2938648575626
1772937510.1154735,368.6613096347008
1772937510.115482,410.11347478084036
1772937510.115491,-106.41978485511619
1772937510.1154993,-515.0376537695893
1772937510.1155076,-246.72797659073893
1772937510.1155164,381.5368432024119
1772937510.115525,528.5015524604692
1772937510.1155338,-51.01350742426235
1772937510.1155424,-610.1198974235607
1772937510.1155508,-362.0941418935134
1772937510.1155593,418.25481967618185
1772937510.1155684,678.2295364580299
1772937510.115577,-1.1066006571605684
1772937510.1155856,-746.1165444130113
1772937510.115594,-500.4009362466355
1772937510.1156037,486.9694894281721
1772937510.1156125,878.2481491884947
1772937510.1156209,46.790380904459106
1772937510.1156297,-943.8742612220748
1772937510.115638,-681.4349810048105
1772937510.1156468,597.0536588668894
1772937510.1156552,1154.9250098953783
1772937510.115664,93.34909161576361
1772937510.1156728,-1240.0284128270168
1772937510.1156812,-928.9139167744462
1772937510.1156895,790.0243128046948
1772937510.1156983,1583.5217895296146
1772937510.1157072,148.58685787990294
1772937510.1157162,-1725.2538917002803
1772937510.115728,-1325.3855366265136
1772937510.115742,1125.7768953888199
1772937510.1157556,2316.8669117637724
1772937510.1157703,225.84121557544847
1772937510.11578,-2633.4054919192054
1772937510.1157887,-2077.8072884216203
1772937510.1157973,1826.7706187031963
1772937510.115806,3901.4048796972047
1772937510.1158144,405.85961583099703
1772937510.1158233,-4908.375618197683
1772937510.1158369,-4216.958944014034
1772937510.115851,3913.6480387327506
1772937510.1158645,9859.147135249748
1772937510.1158795,1962.8352023010318
1772937510.1158931,-19231.237029580803
1772937510.1159072,-38266.50813190338
1772937510.594149,-406.0508546607359
1772937510.5941923,-292.0788671907193
1772937510.5942185,233.5149901943522
1772937510.594245,427.8367451277903
1772937510.594272,16.88426207325299
1772937510.5942996,-418.2529486527038
1772937510.5943286,-262.3944974499625
1772937510.5943556,265.1038119340487
1772937510.5943828,419.9861044218107
1772937510.5944097,-16.22867808305868
1772937510.594436,-427.5493581463217
1772937510.5944626,-232.92660856945463
1772937510.594473,292.9695523464689
1772937510.5944815,406.8111329972066
1772937510.5944896,-53.553835144472544
1772937510.594498,-438.6099956288164
1772937510.5945058,-203.5279616935905
1772937510.594514,320.95416508732757
1772937510.594522,393.40384148916274
1772937510.59453,-90.8893562261709
1772937510.5945377,-449.1381510160377
1772937510.5945456,-173.85973742368554
1772937510.5945537,347.9772119360016
1772937510.5945616,378.2661892498408
1772937510.5945702,-128.9525111572279
1772937510.5945785,-458.4094124834768
1772937510.5945861,-142.265894185586
1772937510.594594,375.30715550727365
1772937510.5946035,361.4177184759412
1772937510.5946121,-168.45327253008645
1772937510.5946205,-466.3978387209958
1772937510.5946288,-106.9114944890633
1772937510.5946364,406.39848591107665
1772937510.5946443,346.74702580163876
1772937510.5946524,-206.47341441955876
1772937510.5946608,-472.3292449805194
1772937510.5946686,-69.92263807173775
1772937510.5946767,436.3436345830554
1772937510.5946848,328.0733542369937
1772937510.5946927,-247.96932534030546
1772937510.5947008,-478.031155192894
1772937510.594709,-30.15423597933614
1772937510.5947168,467.2776156738077
1772937510.594725,306.5246223751745
1772937510.5947328,-293.3118303813689
1772937510.5947406,-484.5506073423896
1772937510.5947485,11.580769726008352
1772937510.5947564,499.0346239386222
1772937510.5947645,282.906384198264
1772937510.5947723,-340.3612128732563
1772937510.5947807,-488.89548704306105
1772937510.5947883,57.18599952933931
1772937510.5947967,530.315460934128
1772937510.5948045,252.87986533450632
1772937510.5948129,-393.29219123953857
1772937510.5948207,-491.2365405872913
1772937510.5948288,111.59018228316104
1772937510.5948381,568.6958466176835
1772937510.594848,223.06471362043698
1772937510.594856,-448.58972995753334
1772937510.594864,-491.6976998928575
1772937510.594872,170.83525095921803
1772937510.59488,606.6068749862517
1772937510.5948882,184.4828990957103
1772937510.5948963,-512.4359738379526
1772937510.5949044,-490.53091021956305
1772937510.5949123,239.55198472465761
1772937510.59492,649.378336595329
1772937510.594928,140.3251361345225
1772937510.5949364,-582.8886260503182
1772937510.5949447,-485.29778812805074
1772937510.5949528,319.1846933569496
1772937510.5949607,693.6876371026724
1772937510.5949686,81.95790087973405
1772937510.5949764,-668.6699618553363
1772937510.5949843,-478.7671874612469
1772937510.5949924,413.0431666485255
1772937510.5950005,743.729241082456
1772937510.5950084,11.57162250097582
1772937510.5950165,-766.1267877194603
1772937510.5950243,-462.10243100411554
1772937510.5950325,530.9010970529665
1772937510.59504,800.6277942829405
1772937510.5950482,-80.90352815892973
1772937510.5950563,-886.4177537616636
1772937510.5950644,-436.07665379974543
1772937510.5950727,680.0476325356378
1772937510.595081,866.0514683895011
1772937510.5950892,-204.94077344928112
1772937510.5950973,-1037.1637588767865
1772937510.5951052,-391.4681668940934
1772937510.5951133,879.7387207694592
1772937510.5951211,944.9232941410721
1772937510.5951293,-379.1089191860156
1772937510.5951371,-1236.7114089106346
1772937510.595145,-318.77828675205615
1772937510.5951529,1155.9642835892212
1772937510.5951607,1036.3169680296921
1772937510.595169,-645.8753499014704
1772937510.5951777,-1520.0048532851097
1772937510.5951855,-188.25559010449058
1772937510.5951931,1579.73975880124
1772937510.5952015,1156.5848140289565
1772937510.5952096,-1084.4768692415855
1772937510.5952177,-1960.595452021616
1772937510.5952256,65.37489747367441
1772937510.5952337,2309.57530774599
1772937510.5952415,1324.7021329860552
1772937510.5952497,-1930.7000883822725
1772937510.5952575,-2779.112931074393
1772937510.5952656,648.809447491066
1772937510.5952735,3890.1713101180962
1772937510.5952816,1636.1767929957803
1772937510.5952897,-4114.601111488119
1772937510.5952976,-5010.257567047344
1772937510.5953064,2568.283389357051
1772937510.5953147,9842.589687244395
1772937510.5953228,3384.5119336898383
1772937510.5953307,-18302.807897836596
1772937510.5953386,-39193.55775890935
1772937511.0750153,-0.29776339889659326
1772937511.0750587,-0.47171114421314514
1772937511.0750852,-0.5094002287590003
1772937511.0751116,-0.2722272530472242
1772937511.0751383,0.10912275996859414
1772937511.075165,0.36138971621163724
1772937511.0751915,0.3371174339444185
1772937511.075218,0.14966617923076161
1772937511.0752444,0.054337605871076305
1772937511.0752728,0.21555269931967683
1772937511.0753012,0.583914539640722
1772937511.075328,0.9625049419958778
1772937511.0753367,1.1647198367516003
1772937511.0753448,1.131429929082126
1772937511.075353,0.952319492665366
1772937511.0753613,0.7981152526491189
1772937511.075369,0.7921183296517269
1772937511.0753772,0.8939638682864077
1772937511.0753856,0.9144992437352112
1772937511.075394,0.7069187810759686
1772937511.075402,0.37944908020591384
1772937511.07541,0.271267574304617
1772937511.075418,0.6315916223777063
1772937511.075426,1.2954516512654937
1772937511.0754356,1.739280676239605
1772937511.0754445,1.5382807418848679
1772937511.0754523,0.7918718822661296
1772937511.0754607,0.07120427564204891
1772937511.0754688,-0.06791084689601075
1772937511.0754771,0.48482361818770087
1772937511.0754852,1.4088319577251136
1772937511.075493,2.292693158389692
1772937511.0755012,2.8874059581558567
1772937511.0755093,3.0913473879571276
1772937511.0755172,2.868808470734314
1772937511.0755255,2.3128922921310155
1772937511.0755336,1.7297837907128502
1772937511.075542,1.4782422430538869
1772937511.07555,1.6170584389414742
1772937511.075558,1.7786923636157557
1772937511.075566,1.5312776084365516
1772937511.075574,0.9049682436729853
1772937511.075582,0.46556256372240196
1772937511.0755904,0.7647158573733288
1772937511.0755985,1.718611638020575
1772937511.075606,2.6039233722652813
1772937511.075614,2.709652471982046
1772937511.075622,1.9780981217386904
1772937511.0756297,1.0024323564016833
1772937511.0756376,0.44506147921131206
1772937511.0756454,0.49285256112135417
1772937511.0756533,0.8186686139767014
1772937511.0756612,0.9556517495250278
1772937511.0756705,0.6696528246387927
1772937511.0756805,0.06681746037387692
1772937511.0756886,-0.5317381345090915
1772937511.0756965,-0.8114748526158028
1772937511.0757046,-0.6799018192927311
1772937511.0757127,-0.3589033850497011
1772937511.0757208,-0.22850720804611963
1772937511.075729,-0.47620858089960144
1772937511.0757368,-0.8698730325947408
1772937511.0757449,-0.9465069146382161
1772937511.0757527,-0.4854669126908647
1772937511.0757608,0.23804725649696087
1772937511.0757697,0.7339623683030945
1772937511.0757782,0.817411516179911
1772937511.075786,0.76575483727483
1772937511.0757942,0.9265183743724557
1772937511.075802,1.256839298512403
1772937511.0758104,1.367143570616069
1772937511.0758183,1.0236195773076089
1772937511.0758262,0.49168551504025576
1772937511.075834,0.28743042961975473
1772937511.075842,0.6168365933261803
1772937511.0758502,1.1474633060550328
1772937511.075858,1.3518358510025925
1772937511.075866,1.013848729011301
1772937511.075874,0.37022993008851474
1772937511.0758824,-0.1695646005113361
1772937511.0758903,-0.35440423763705337
1772937511.0758984,-0.1826148152583528
1772937511.0759068,0.18918036934313545
1772937511.075915,0.541063066405816
1772937511.0759237,0.6711438401193519
1772937511.0759315,0.5250271305616004
1772937511.0759397,0.27998410531941337
1772937511.0759475,0.20632681618280987
1772937511.0759552,0.37020819986487297
1772937511.0759633,0.5294749053475994
1772937511.0759711,0.4289093981720006
1772937511.075979,0.18979985593516202
1772937511.0759869,0.26819750437004103
1772937511.0759947,0.9219327716115779
1772937511.0760033,1.779276868454754
1772937511.0760117,2.0896647326869298
1772937511.0760198,1.4703220116814528
1772937511.076028,0.33358573423846566
1772937511.076036,-0.5090814959876421
1772937511.076044,-0.6429883947730842
1772937511.076052,-0.37658307042596606
1772937511.0760598,-0.29030438460713176
1772937511.0760677,-0.5796435058586645
1772937511.0760758,-0.9245139798891002
1772937511.0760837,-0.9368742181389579
1772937511.0760915,-0.592405791269324
1772937511.0760999,-0.1760856843969785
1772937511.076108,0.09600765584208938
1772937511.076116,0.2902770575576916
1772937511.0761244,0.6095348771651186
1772937511.0761323,1.131207258086391
1772937511.0761409,1.7237112043373293
1772937511.0761492,2.159552334566234
1772937511.076157,2.269299226596861
1772937511.076165,2.0480525922321178
1772937511.076173,1.6957450230862003
1772937511.0761807,1.5171475007645032
1772937511.0761888,1.6398121457064123
1772937511.076197,1.761278964522543
1772937511.0762045,1.2921010274594993
1772937511.0762124,-0.065845280691629
1772937511.5553243,1.6171520647768725
1772937511.555362,1.5762217951153772
1772937511.555393,1.3486035340849654
1772937511.5554197,0.9251912791226673
1772937511.5554464,0.43924122158201434
1772937511.555473,0.1700022288725657
1772937511.5555,0.3191561586827689
1772937511.5555265,0.7617853844282758
1772937511.5555532,1.0915459245779942
1772937511.55558,0.9748301429054995
1772937511.5556073,0.4474901284035351
1772937511.555637,-0.16585571327418644
1772937511.5556495,-0.5829637475722793
1772937511.5556576,-0.7394904623517667
1772937511.5556655,-0.6565164554398646
1772937511.5556736,-0.28361652691483685
1772937511.555683,0.3911151300086992
1772937511.5556908,1.1159067963853364
1772937511.555699,1.447105749026507
1772937511.5557137,1.1786162765807537
1772937511.5557275,0.6474951365724578
1772937511.5557408,0.4654447201915532
1772937511.555751,0.891629940233671
1772937511.5557592,1.5499703553185078
1772937511.5557673,1.8372222357954793
1772937511.5557752,1.5557859519961486
1772937511.5557833,1.0427507419747735
1772937511.5557911,0.6951892366587248
1772937511.5557995,0.5241051643014248
1772937511.5558076,0.2843082599656637
1772937511.5558157,-0.04651441230458272
1772937511.5558243,-0.11922333861282663
1772937511.5558321,0.37340207551586163
1772937511.5558403,1.243945683379041
1772937511.5558481,1.9168755645621847
1772937511.555856,1.997869339780718
1772937511.555864,1.6421483030285977
1772937511.555872,1.3254916647580886
1772937511.55588,1.3439878153024378
1772937511.5558884,1.6219668425599894
1772937511.5558963,1.9380834977561403
1772937511.5559044,2.172516607495766
1772937511.5559125,2.282219163738278
1772937511.55592,2.1829864700481534
1772937511.555928,1.8322008551769302
1772937511.555936,1.4138023052971362
1772937511.555944,1.2574428752533995
1772937511.5559518,1.4555085487518478
1772937511.555962,1.6533456426122808
1772937511.555971,1.3960279840836918
1772937511.5559788,0.7094840231703933
1772937511.555987,0.17774651945574227
1772937511.5559947,0.3045372371370136
1772937511.5560029,0.8594456937358413
1772937511.5560107,1.0409970942527875
1772937511.5560188,0.3636610044920166
1772937511.5560267,-0.7349310237551011
1772937511.5560348,-1.3155347512845332
1772937511.5560431,-0.9497873356101992
1772937511.5560513,-0.17117743665078552
1772937511.5560596,0.1505543885537969
1772937511.5560684,-0.2228503562525191
1772937511.5560763,-0.7019553139235579
1772937511.5560844,-0.6306990613294152
1772937511.5560925,-0.07665871789271456
1772937511.5561006,0.26667889103463743
1772937511.5561087,-0.09343386304134407
1772937511.5561166,-0.8879053230191756
1772937511.5561247,-1.4202293827446617
1772937511.556133,-1.356266377277723
1772937511.5561411,-1.038368314367406
1772937511.5561492,-1.0090248563094215
1772937511.556157,-1.3604970324059449
1772937511.5561657,-1.6744857457037639
1772937511.5561736,-1.5696838185529287
1772937511.556182,-1.1671338010986367
1772937511.5561895,-0.9316645342680775
1772937511.5561984,-1.1183480654441114
1772937511.5562067,-1.5047491234556036
1772937511.5562148,-1.7114370246071466
1772937511.5562227,-1.6917792156499585
1772937511.5562305,-1.7762193973714862
1772937511.5562384,-2.2084188652193917
1772937511.5562465,-2.7447245297543734
1772937511.5562544,-2.842804476319051
1772937511.5562625,-2.2753755958654684
1772937511.5562704,-1.4698703839551281
1772937511.5562785,-1.1381639859609645
1772937511.5562866,-1.5540080244359975
1772937511.556295,-2.2613505475221705
1772937511.5563033,-2.546859776854041
1772937511.5563111,-2.1700433227206877
1772937511.5563192,-1.5621038538653738
1772937511.556327,-1.305729507567338
1772937511.5563347,-1.5065717959118297
1772937511.5563428,-1.7505540250975486
1772937511.5563507,-1.6338305192417306
1772937511.5563588,-1.2020814297445577
1772937511.5563672,-0.8024216603206513
1772937511.556375,-0.5987886555044408
1772937511.556383,-0.39838880746403244
1772937511.556391,-0.003603633528869068
1772937511.556399,0.3970515784035191
1772937511.556407,0.3568994114675737
1772937511.5564167,-0.2843330858454328
1772937511.55643,-1.1051133211129556
1772937511.5564432,-1.4643532184116674
1772937511.5564559,-1.1471967332774993
1772937511.556464,-0.5675089244803173
1772937511.5564723,-0.3084125396094008
1772937511.55648,-0.5332640366229543
1772937511.556488,-0.9034876545341797
1772937511.556496,-1.019341458353346
1772937511.556504,-0.8339344242693087
1772937511.556512,-0.6179745169226737
1772937511.55652,-0.6243815078098828
1772937511.556528,-0.8847668974167952
1772937511.5565362,-1.2943906053729124
1772937511.5565448,-1.7619244097205475
1772937511.5565536,-2.210567524006047
1772937512.0362277,-0.5209583581648133
1772937512.0363069,-0.04428271842781567
1772937512.0363395,0.0993047650356067
1772937512.0363667,0.03644041367889599
1772937512.0364,0.014956416866554833
1772937512.0364335,0.17255363092045922
1772937512.036462,0.5083711983438777
1772937512.0364952,0.9788926459735737
1772937512.0365124,1.5288159594013646
1772937512.0365236,2.041013838276558
1772937512.0365355,2.345367008532816
1772937512.0365462,2.333489334876982
1772937512.0365577,2.0461158989126615
1772937512.0365677,1.6200565986428987
1772937512.036579,1.1771885568900848
1772937512.0366004,0.8080569085731576
1772937512.0366142,0.6312803097867647
1772937512.036625,0.7623686695049454
1772937512.0366364,1.1600250268066328
1772937512.036647,1.5644560337470552
1772937512.0366583,1.7029350119139313
1772937512.0366693,1.5839272765859607
1772937512.0366805,1.5011029751189409
1772937512.0366907,1.673510436574657
1772937512.0367012,1.935221881544168
1772937512.0367117,1.9002015258939113
1772937512.036722,1.4596941151059757
1772937512.0367348,1.0042970275018124
1772937512.0367465,1.0421328734393611
1772937512.0367584,1.6256704126976054
1772937512.0367694,2.276491432289468
1772937512.0367808,2.514476278938796
1772937512.0367932,2.354359010505874
1772937512.036805,2.173443973277361
1772937512.0368156,2.1493676737061853
1772937512.0368264,2.011158710320545
1772937512.0368369,1.436048890965532
1772937512.0368476,0.5767353732494775
1772937512.0368586,0.011443510006405802
1772937512.0368712,0.13175261892534337
1772937512.0368829,0.7032695897022212
1772937512.0368931,1.1335826167387077
1772937512.036904,1.1183024106186419
1772937512.036916,0.9001372443744847
1772937512.0369284,0.8887719422371904
1772937512.0369408,1.164585681712429
1772937512.0369527,1.4570967227777678
1772937512.0369647,1.5354278197578248
1772937512.036978,1.4625204482884173
1772937512.0369897,1.4337364891158026
1772937512.0369976,1.500720049433059
1772937512.037006,1.5731900420298648
1772937512.037014,1.631896065558757
1772937512.037022,1.7748357524791671
1772937512.03703,1.9988847386121416
1772937512.0370383,2.0607250483525488
1772937512.0370471,1.6956139061534796
1772937512.0370555,0.962544039639374
1772937512.0370638,0.25328560439515846
1772937512.0370717,-0.08788060738712579
1772937512.0370796,-0.07529799273322942
1772937512.0370877,0.03960638702145275
1772937512.0370955,0.1045483696856436
1772937512.0371037,0.13847513213726836
1772937512.0371113,0.08995509569444016
1772937512.0371194,-0.2645650742423987
1772937512.0371275,-1.0114143359789198
1772937512.0371354,-1.7723256135100842
1772937512.0371432,-1.9370011928282205
1772937512.037155,-1.3509063111014048
1772937512.0371687,-0.6394219187033309
1772937512.0371788,-0.6355407582635231
1772937512.0371876,-1.4569539445220012
1772937512.037197,-2.3196559160258987
1772937512.037206,-2.3920721300225707
1772937512.0372148,-1.746143363268901
1772937512.037223,-1.2823812238545804
1772937512.0372317,-1.6833952050835501
1772937512.0372405,-2.6012405952732878
1772937512.0372488,-3.0194643438594913
1772937512.0372577,-2.365005397022654
1772937512.037266,-1.1073713859271366
1772937512.0372744,-0.22652481180290535
1772937512.037283,-0.22339055750250872
1772937512.0372918,-0.7602610525482483
1772937512.0373008,-1.183750559843925
1772937512.03731,-1.208216645338851
1772937512.0373187,-1.0353748804364935
1772937512.0373273,-0.9694951876099455
1772937512.0373356,-1.0981656332099707
1772937512.0373445,-1.3314455342851843
1772937512.0373528,-1.575304247339363
1772937512.0373614,-1.7681380268502844
1772937512.03737,-1.848824523721397
1772937512.0373783,-1.838864211825759
1772937512.0373871,-1.9404090736193205
1772937512.0373957,-2.3849876293680374
1772937512.0374043,-3.086019735749903
1772937512.037413,-3.546914124272729
1772937512.0374212,-3.297951790462526
1772937512.03743,-2.464845308615507
1772937512.0374384,-1.7650295631863002
1772937512.0374477,-1.8052003336455864
1772937512.0374565,-2.4101218714050394
1772937512.0374649,-2.7782561713069662
1772937512.0374737,-2.3576857281018557
1772937512.0374825,-1.4899595743597556
1772937512.037491,-1.0959871480653387
1772937512.0374997,-1.7379103837277552
1772937512.037508,-3.0634991392064386
1772937512.0375168,-4.180688462633947
1772937512.0375252,-4.498412678058209
1772937512.0375335,-4.15605005544209
1772937512.037542,-3.7129703475838705
1772937512.0375507,-3.5489029937229164
1772937512.03756,-3.58386790225386
1772937512.0375686,-3.4548078780083187
1772937512.0375774,-2.8454060981907343
1772937512.0375857,-1.6832053479276745
1772937512.0375943,-0.17330320439142632
1772937512.515698,-0.6084846151626188
1772937512.5157516,-0.9923078655936793
1772937512.51578,-1.6473493359970637
1772937512.515808,-2.2272746973357544
1772937512.5158367,-2.4422198816030085
1772937512.515866,-2.2407018509678847
1772937512.515895,-1.8172624371005317
1772937512.5159223,-1.4308820594691027
1772937512.515947,-1.2176670962687501
1772937512.5159695,-1.1683555148997216
1772937512.515983,-1.2236219101607837
1772937512.5160003,-1.3156667977001106
1772937512.516011,-1.322692676282484
1772937512.51602,-1.0856259870152793
1772937512.5160296,-0.5651557645885543
1772937512.5160391,0.03140373830959357
1772937512.516048,0.3706535993206892
1772937512.5160573,0.2893373880881146
1772937512.516066,-0.06915351902859584
1772937512.516075,-0.4567970385419494
1772937512.516084,-0.8134597325272631
1772937512.5160923,-1.2649816527505677
1772937512.5161016,-1.822147894810452
1772937512.516112,-2.204641887588292
1772937512.5161223,-2.0977882200112172
1772937512.5161316,-1.578454670533678
1772937512.516144,-1.14788618621547
1772937512.5161583,-1.2306547182300287
1772937512.516172,-1.6758578366096455
1772937512.5161853,-1.8756368923938567
1772937512.5161984,-1.4297909478086506
1772937512.5162103,-0.6212860514963907
1772937512.5162244,-0.1404176702255817
1772937512.51624,-0.34113804555546323
1772937512.5162542,-0.8546003928506983
1772937512.516269,-0.9882504341365564
1772937512.5162785,-0.4625596340419226
1772937512.5162876,0.31675756559547585
1772937512.5163004,0.710803712607235
1772937512.5163147,0.4949595415299621
1772937512.5163305,0.018101166049924813
1772937512.5163448,-0.2220056728073132
1772937512.5163536,-0.06611419705236472
1772937512.5163677,0.2571326788175156
1772937512.5163817,0.4737724817141327
1772937512.5163963,0.5485648332548722
1772937512.5164084,0.6171373044055842
1772937512.5164175,0.7291702719959519
1772937512.5164263,0.7599433129814903
1772937512.5164351,0.590649155721763
1772937512.5164442,0.30515807444066056
1772937512.5164533,0.1364777005461625
1772937512.516464,0.2177210866822602
1772937512.5164795,0.4415605634260628
1772937512.5164943,0.6008724872192738
1772937512.5165052,0.6345505588320232
1772937512.516514,0.6699239165651985
1772937512.5165231,0.8099446842744963
1772937512.5165317,0.9472213539495167
1772937512.5165412,0.8707158797891128
1772937512.5165498,0.559404821805764
1772937512.5165584,0.287254477046053
1772937512.5165675,0.36311598846236914
1772937512.5165763,0.787256594825194
1772937512.516585,1.2492488780338535
1772937512.5165946,1.496503517352078
1772937512.5166042,1.6287286886577395
1772937512.516614,1.9335433289949524
1772937512.5166233,2.4469406527514588
1772937512.516637,2.8025578113577763
1772937512.516652,2.608293381148278
1772937512.516668,1.9197804715948779
1772937512.5166798,1.2146842591889084
1772937512.5166893,0.8683734668379904
1772937512.5166988,0.7683463673833141
1772937512.5167089,0.5514435794833311
1772937512.5167184,0.1539178313249681
1772937512.5167286,-0.06325164657866458
1772937512.5167387,0.18102933167295965
1772937512.5167484,0.600326837704421
1772937512.5167577,0.5692867650307969
1772937512.5167677,-0.12541586149273873
1772937512.516779,-0.9413197456619545
1772937512.516789,-1.1554653168796603
1772937512.5167985,-0.7331533899075973
1772937512.516809,-0.4194688564172475
1772937512.516818,-0.8636566434870431
1772937512.5168276,-1.779635459552775
1772937512.5168371,-2.1778721342337004
1772937512.5168464,-1.4698385546362804
1772937512.5168552,-0.1954791701735008
1772937512.516864,0.47831147729951934
1772937512.5168724,-0.050068758158791755
1772937512.5168815,-1.231727172786594
1772937512.5168903,-1.9710099621184063
1772937512.5168989,-1.698092907849121
1772937512.516908,-0.7886382168864556
1772937512.5169168,-0.039296090406084776
1772937512.5169263,0.10185171433273331
1772937512.5169353,-0.2200405459375063
1772937512.5169442,-0.594919253253479
1772937512.516953,-0.7452923818277946
1772937512.5169616,-0.6361596188172426
1772937512.5169704,-0.3828402659188373
1772937512.5169792,-0.16775899773414016
1772937512.516988,-0.17711982127179454
1772937512.5169966,-0.476090642106919
1772937512.5170057,-0.9044827554849988
1772937512.5170176,-1.169705898911042
1772937512.5170264,-1.1062760209704563
1772937512.517036,-0.8254928193029902
1772937512.5170453,-0.5791645859105354
1772937512.5170546,-0.5130368041418946
1772937512.5170634,-0.6087021761666483
1772937512.5170724,-0.8273840170429277
1772937512.5170813,-1.1814093205186034
1772937512.51709,-1.5956508854411668
1772937512.5170991,-1.7943188886108383
1772937512.517108,-1.490167687581729
1772937512.5171168,-0.7359871895998061
1772937512.9974504,-0.8082453919714453
1772937512.99749,-0.7704146697784254
1772937512.9975169,-0.5820687718267422
1772937512.997543,-0.37579735809698683
1772937512.9975708,-0.36482566523835147
1772937512.9975977,-0.5871403225529492
1772937512.997624,-0.7782463164725207
1772937512.9976509,-0.5857484725599856
1772937512.9976778,0.024835069323800838
1772937512.9977043,0.612796196339711
1772937512.9977305,0.6160147915374808
1772937512.9977572,-0.06954694884606868
1772937512.9977653,-0.8989531080402414
1772937512.997774,-1.1532359444109617
1772937512.9977825,-0.6402430589004566
1772937512.9977906,0.12190961926553448
1772937512.997799,0.4649773430582364
1772937512.997807,0.28391706918162085
1772937512.9978151,0.11787323833726339
1772937512.9978247,0.5008828088295256
1772937512.9978333,1.3052653305852944
1772937512.9978414,1.8215440312247495
1772937512.9978504,1.5005305308477228
1772937512.9978588,0.5443249289946739
1772937512.997867,-0.29694584805352203
1772937512.997875,-0.4898878187290822
1772937512.997883,-0.2163141026068915
1772937512.9978907,-0.1029476027094123
1772937512.9978988,-0.5225536762730751
1772937512.9979067,-1.2268227926130018
1772937512.997915,-1.6571436360646348
1772937512.997923,-1.546797667489671
1772937512.9979308,-1.17441230636268
1772937512.997939,-1.0556590095109557
1772937512.997947,-1.4416375688593162
1772937512.997955,-2.124107312854461
1772937512.997964,-2.6756618463093584
1772937512.9979725,-2.828211704832771
1772937512.9979806,-2.6290286632538518
1772937512.9979887,-2.2948769050189233
1772937512.9979963,-1.977618750079408
1772937512.9980044,-1.6871265521980174
1772937512.9980123,-1.4088641847889007
1772937512.99802,-1.2375246198322156
1772937512.9980283,-1.3360303018071356
1772937512.998036,-1.7304660068811426
1772937512.998044,-2.1661493824674354
1772937512.9980521,-2.240102612540684
1772937512.9980605,-1.7541137998051282
1772937512.9980688,-0.9537956304077411
1772937512.998077,-0.35972659501513543
1772937512.9980848,-0.2885408083059779
1772937512.9980924,-0.5261517167807147
1772937512.9981005,-0.5228074349611981
1772937512.9981084,0.04314529782822015
1772937512.9981165,0.9033336498771638
1772937512.9981244,1.4339095774162505
1772937512.998132,1.256512449477489
1772937512.99814,0.5778840189440453
1772937512.998148,-0.07156362511773273
1772937512.998156,-0.37780929096036026
1772937512.9981637,-0.45695995247045684
1772937512.9981718,-0.5560392343903634
1772937512.9981797,-0.669628421191696
1772937512.998188,-0.5732930058485313
1772937512.9981966,-0.2196805699243333
1772937512.9982047,0.049815655713808894
1772937512.9982133,-0.17495819367761814
1772937512.9982212,-0.8502779862094156
1772937512.9982293,-1.4027012983569
1772937512.9982374,-1.2753136149036401
1772937512.9982452,-0.5273564198912811
1772937512.9982533,0.20006304145638068
1772937512.9982612,0.3462119067570035
1772937512.998269,-0.0049092141882217675
1772937512.9982772,-0.2804654427765648
1772937512.9982853,-0.09373899312986236
1772937512.9982934,0.3493879588124221
1772937512.9983065,0.5625093581805434
1772937512.9983177,0.4025076247281256
1772937512.9983282,0.241662012998313
1772937512.9983416,0.4874579009657261
1772937512.9983532,1.0476503097743386
1772937512.998366,1.40601235254083
1772937512.9983783,1.229819126037471
1772937512.9983957,0.7771691593274902
1772937512.9984095,0.6073763417589331
1772937512.9984183,0.9400095804720193
1772937512.9984272,1.4333654622756844
1772937512.998436,1.6382872684895489
1772937512.998448,1.552548081523205
1772937512.9984612,1.5749218899174693
1772937512.9984741,1.9051878364022492
1772937512.998488,2.1502092867182436
1772937512.9984996,1.6873847089639042
1772937512.9985085,0.4251247156710774
1772937512.998517,-0.9269336673989358
1772937512.998526,-1.4539277174780867
1772937512.9985347,-0.8991467575659194
1772937512.9985433,0.11373159528430711
1772937512.9985516,0.7034408661618952
1772937512.9985623,0.5080512790633193
1772937512.9985762,-0.15714546710901278
1772937512.9985907,-0.7856766566728312
1772937512.9986005,-1.1737623817501703
1772937512.99861,-1.4287745149925886
1772937512.9986246,-1.6532469958609863
1772937512.9986403,-1.78840783910649
1772937512.9986513,-1.7703396274067105
1772937512.99866,-1.6922501517695934
1772937512.998669,-1.6959079344644283
1772937512.9986775,-1.7424857062071544
1772937512.9986863,-1.6143867385762873
1772937512.998695,-1.1878341656439015
1772937512.9987037,-0.62380275391548
1772937512.998712,-0.20649256356450077
1772937512.9987211,-0.025925902033702798
1772937512.99873,0.07340934445344453
1772937512.9987433,0.19860419449592587
1772937512.9987566,0.16570259648188757
1772937512.9987683,-0.32738799764466125
1772937513.4332423,0.08981599580478723
1772937513.4333022,-0.24852241090338975
1772937513.4333277,-0.6993392738863118
1772937513.433372,-0.9236232340533668
1772937513.4334056,-0.8146790131325936
1772937513.4334395,-0.5932341183477873
1772937513.4334674,-0.5470627559542401
1772937513.4334955,-0.7443494274390985
1772937513.4335248,-1.0338382443200258
1772937513.4335456,-1.2670239024895926
1772937513.4335551,-1.4343606325373384
1772937513.4335644,-1.5772513861866115
1772937513.4335728,-1.6529350283798103
1772937513.433582,-1.5645397351321877
1772937513.4335918,-1.3050467702870547
1772937513.4336016,-0.9892924836874408
1772937513.4336104,-0.7116077208059142
1772937513.433619,-0.43443310291859827
1772937513.4336278,-0.09139277039405169
1772937513.433637,0.2206961898340437
1772937513.4336455,0.25735330791746025
1772937513.4336548,-0.09922894119109128
1772937513.4336638,-0.6324137155723514
1772937513.4336724,-0.964984096994483
1772937513.4336815,-0.9732847113512515
1772937513.4336903,-0.9450390321326297
1772937513.4336991,-1.2276245031004696
1772937513.4337082,-1.7326697228811359
1772937513.4337168,-1.9120581793628244
1772937513.4337256,-1.3287745561192155
1772937513.4337344,-0.2300950164925425
1772937513.433744,0.5587088124213742
1772937513.4337535,0.39286313133779466
1772937513.4337623,-0.5499211944153456
1772937513.4337711,-1.4340034604020162
1772937513.4337804,-1.5814605652346028
1772937513.4337893,-1.0943570552309088
1772937513.433798,-0.6611378057704245
1772937513.433807,-0.7980595173048708
1772937513.4338162,-1.3395916928315208
1772937513.4338253,-1.6657363992441108
1772937513.433834,-1.3529151638673138
1772937513.433843,-0.544130428608488
1772937513.4338522,0.2842479479714984
1772937513.4338615,0.8232922015440163
1772937513.4338706,1.1528133397254596
1772937513.4338791,1.5226476382943606
1772937513.4338882,2.0166688957950063
1772937513.433897,2.480697988333162
1772937513.433906,2.7431460742872917
1772937513.433915,2.8364188532244854
1772937513.4339242,2.9672000647091745
1772937513.433933,3.281500807791737
1772937513.433942,3.681997093508885
1772937513.4339511,3.887602475385348
1772937513.43396,3.684550537595691
1772937513.4339688,3.141522592329724
1772937513.4339776,2.588398090935901
1772937513.433987,2.3540814721371683
1772937513.4339957,2.470952027941576
1772937513.4340053,2.6105800840314886
1772937513.434014,2.3418679854152824
1772937513.4340231,1.5135509990986706
1772937513.434032,0.41961169445453655
1772937513.4340408,-0.417028582128096
1772937513.4340494,-0.6474786974931191
1772937513.4340584,-0.313206247943124
1772937513.4340677,0.2894279416685131
1772937513.4340765,0.8888686508150471
1772937513.4340856,1.3443556563424623
1772937513.4340944,1.5357539913819995
1772937513.4341028,1.2991688218267414
1772937513.434112,0.5944028590976803
1772937513.4341211,-0.28668017050674893
1772937513.4341304,-0.8282570601783201
1772937513.4341393,-0.7353080833891432
1772937513.4341483,-0.2617431826217161
1772937513.434157,0.009941332634825358
1772937513.4341657,-0.22581678564794946
1772937513.4341743,-0.6674017884005261
1772937513.4341834,-0.7595203743337381
1772937513.4341922,-0.3562502179280816
1772937513.4342008,0.07890742195386628
1772937513.4342096,-0.002551380141748794
1772937513.4342186,-0.5825783959331934
1772937513.4342277,-1.0706366536132743
1772937513.4342363,-0.9615026046631925
1772937513.434245,-0.37935928240834405
1772937513.434254,0.13167354320653663
1772937513.4342635,0.2890335987875914
1772937513.4342725,0.3659340199182949
1772937513.4342813,0.7332616617276873
1772937513.4342904,1.2523088241068545
1772937513.4342992,1.3466159149736128
1772937513.4343083,0.7410351027346015
1772937513.434317,-0.03281996234193551
1772937513.434326,-0.07177377203752747
1772937513.4343348,0.9230163778646772
1772937513.4343455,2.2334315060333
1772937513.4343581,2.797837435266367
1772937513.4343705,2.2699388871425916
1772937513.434383,1.3199097511012161
1772937513.4343972,0.8853437186116347
1772937513.4344065,1.227447933759412
1772937513.434415,1.7883966357470409
1772937513.4344244,1.8897508497492606
1772937513.5305336,-40355.5985920541
1772937513.530573,-20044.039481771888
1772937513.530583,3705.5360020310163
1772937513.530593,11802.494596856654
1772937513.5306017,3225.0160036763777
1772937513.5306108,-6750.04132707933
1772937513.5306191,-5719.756937864433
1772937513.5306275,2685.9628930717845
1772937513.5306356,6217.29113133249
1772937513.5306437,734.3655524309995
1772937513.5306518,-5364.065411657529
1772937513.5306602,-3467.0408052317453
1772937513.5306733,3469.0155853813594
1772937513.5306835,5366.5170571427125
1772937513.530692,-731.4087126115472
1772937513.5307,-6214.365398331026
1772937513.530708,-2683.8271195995244
1772937513.530716,5720.706925792266
1772937513.530724,6750.13982429724
1772937513.530732,-3224.901775970603
1772937513.5307403,-11801.601238589774
1772937513.5307484,-3703.7426272194066
1772937513.5307567,20046.223783758407
1772937513.5307648,40357.5238087236
1772937514.0121768,39196.0324826687
1772937514.012211,18304.610095635453
1772937514.0122375,-3383.1999422747876
1772937514.0122645,-9841.611841815957
1772937514.0122917,-2567.8448777657086
1772937514.0123184,5009.852365838234
1772937514.0123448,4113.491462391995
1772937514.0123713,-1637.228027518585
1772937514.0123975,-3890.2364196885255
1772937514.0124276,-647.5345933867985
1772937514.0124543,2781.1301188473362
1772937514.0124807,1932.2568852652596
1772937514.0124893,-1324.5493407124507
1772937514.012497,-2310.7627297261115
1772937514.0125053,-66.80672765351486
1772937514.0125132,1960.2594300459543
1772937514.0125213,1085.8141474447993
1772937514.0125332,-1154.1374226138876
1772937514.0125434,-1577.3018301102086
1772937514.0125515,189.9897252642143
1772937514.01256,1521.2032417625412
1772937514.012568,647.1230166254612
1772937514.012576,-1034.7261610186838
1772937514.012584,-1154.1656803878527
1772937514.012592,320.69711279664097
1772937514.0126,1239.0380948112138
1772937514.012608,382.1339762957166
1772937514.012616,-941.5375280826373
1772937514.0126238,-876.9378356884475
1772937514.0126326,392.96533004660347
1772937514.0126412,1037.6026909472178
1772937514.0126493,205.26183136258066
1772937514.012657,-865.2306307424972
1772937514.012665,-679.0292512415333
1772937514.012673,436.55302157974836
1772937514.0126808,886.0900918953355
1772937514.0126889,80.22130663096951
1772937514.0126967,-801.1340838298574
1772937514.0127048,-531.2125853519831
1772937514.0127132,461.681871647703
1772937514.0127213,765.5583365554847
1772937514.0127292,-11.992457508439198
1772937514.0127373,-743.9505159521573
1772937514.0127451,-413.5964851686573
1772937514.0127535,477.33561998103653
1772937514.0127616,666.7018585544606
1772937514.0127702,-83.19168308462855
1772937514.0127788,-693.0658803440369
1772937514.0127869,-316.8072196349241
1772937514.0127947,488.2409151171744
1772937514.0128028,585.2606307975352
1772937514.0128107,-138.7679435442481
1772937514.0128188,-648.2689853562948
1772937514.0128267,-238.7190111235371
1772937514.0128348,490.8511100942841
1772937514.012843,512.1524270971809
1772937514.0128512,-184.89110611953308
1772937514.0128593,-606.4639245904293
1772937514.0128677,-169.96865975797945
1772937514.0128763,492.8695232280392
1772937514.012884,449.6833613803326
1772937514.012892,-221.94637354114874
1772937514.0129,-567.3509557740192
1772937514.012908,-110.44520211667451
1772937514.012916,491.1102147480437
1772937514.012924,391.0942323976595
1772937514.012932,-256.78801004769565
1772937514.01294,-534.5496073622814
1772937514.012948,-60.37957213688339
1772937514.012956,487.2019838305941
1772937514.0129638,339.72198640983413
1772937514.0129719,-283.22216320039826
1772937514.0129795,-499.5420450408657
1772937514.0129876,-12.494535526622903
1772937514.0129955,483.2482006036369
1772937514.0130043,291.88262734542553
1772937514.0130124,-307.6128689656374
1772937514.0130205,-467.59849767597603
1772937514.0130281,30.70505430053582
1772937514.0130363,479.2196096328795
1772937514.0130444,249.44276286886657
1772937514.013052,-326.64442302940347
1772937514.01306,-435.3109960176483
1772937514.013068,70.2168673238547
1772937514.013076,471.8318015133649
1772937514.013084,205.61850631779078
1772937514.0130925,-347.36342702549854
1772937514.013101,-406.69167438769495
1772937514.0131097,106.27607600225403
1772937514.0131178,464.6307676452518
1772937514.013126,165.51882769962907
1772937514.0131335,-364.70840362110073
1772937514.0131416,-378.1497048565542
1772937514.0131495,139.8777560268789
1772937514.0131576,455.92483846356816
1772937514.0131657,126.2216920975349
1772937514.0131733,-380.562920302046
1772937514.0131817,-349.02790781117386
1772937514.0131896,174.0197030944908
1772937514.013198,449.612365813653
1772937514.013206,90.92997363615036
1772937514.0132139,-393.5826303188689
1772937514.0132215,-320.52256487745376
1772937514.0132294,204.99585330619618
1772937514.013238,440.72194835753686
1772937514.013246,55.728620804889246
1772937514.013254,-404.5714327836782
1772937514.013262,-290.1766615332306
1772937514.01327,236.46074717029668
1772937514.013278,431.31027901669177
1772937514.013286,19.50412419719575
1772937514.0132937,-417.3815032676349
1772937514.0133016,-262.82743820701995
1772937514.0133097,264.54312887400425
1772937514.0133176,419.9317352668559
1772937514.0133257,-16.14101781209605
1772937514.0133336,-427.94774790154656
1772937514.013342,-233.84429901205445
1772937514.01335,292.02060342510873
1772937514.013358,406.073269530749
1772937514.0797477,-54.455818804578854
1772937514.0797727,-440.16509872538666
1772937514.0797825,-205.64291799378768
1772937514.0797915,318.9531573692416
1772937514.079801,392.10217736891843
1772937514.07981,-91.50428300653026
1772937514.0798185,-449.488609904509
1772937514.0798268,-174.22965635101124
1772937514.0798354,347.69080068521015
1772937514.0798433,378.35153765821553
1772937514.0798519,-128.28873056263245
1772937514.0798602,-457.0942379127685
1772937514.0798683,-140.34386538200127
1772937514.0798793,377.5680727225002
1772937514.0798886,363.466571372143
1772937514.333828,-167.15146083847176
1772937514.3338768,-466.6110402004782
1772937514.3339038,-108.19386172668145
1772937514.3339171,404.9546937335711
1772937514.3339307,345.7907577928823
1772937514.3339443,-206.89040778600878
1772937514.333958,-472.4520351728375
1772937514.3339713,-69.8427917012194
1772937514.333984,436.7286363856931
1772937514.3339977,328.74677543294905
1772937514.3340151,-247.30477875608486
1772937514.3340306,-477.720059673237
1772937514.3340435,-30.266333344826563
1772937514.3340569,466.96185261634736
1772937514.3340695,306.2448224112466
1772937514.3340826,-293.50609385444596
1772937514.3340957,-484.76879363634436
1772937514.3341086,11.206348511355928
1772937514.3341224,498.4337697028536
1772937514.3341353,282.1421615839498
1772937514.3341482,-340.99892059301027
1772937514.3341606,-488.95132100074414
1772937514.3341737,57.95579695880553
1772937514.3341866,531.5020972430415
1772937514.3341994,253.45818365816947
1772937514.3342123,-394.2888614995352
1772937514.3342588,-493.9808684632827
1772937514.3342748,107.76254708581278
1772937514.3342884,564.608021741956
1772937514.3343017,219.07444696000584
1772937514.3343153,-452.5072163095428
1772937514.3343284,-495.4244910494565
1772937514.3343415,167.71637188981776
1772937514.3343554,604.3232298734645
1772937514.3343685,182.57803092379027
1772937514.3343813,-514.8721775140627
1772937514.334418,-494.0642105977172
1772937514.334431,235.18520948460525
1772937514.3344448,644.9292282061457
1772937514.3344574,136.32821486921077
1772937514.33447,-586.3725036646285
1772937514.334483,-488.35107944086496
1772937514.3344955,316.6487875222268
1772937514.3345082,691.7592091785383
1772937514.334522,80.3835531803834
1772937514.3345344,-670.4280038271703
1772937514.334546,-481.05077702212947
1772937514.3345592,410.3863254787037
1772937514.3345726,741.065712523784
1772937514.3345861,8.987275530812564
1772937514.3345995,-768.899956961163
1772937514.3346398,-465.2822171327065
1772937514.334652,527.4497347584083
1772937514.3346848,797.1936842315899
1772937514.33473,-84.25280880488252
1772937514.3347425,-889.8161104195482
1772937514.3347576,-439.4700709274099
1772937514.3347712,677.030464882127
1772937514.3347845,863.6232758457372
1772937514.334803,-207.2825522594733
1772937514.3348172,-1040.462974539265
1772937514.33483,-396.37826273667133
1772937514.3348415,873.7157783376281
1772937514.8067863,-2.418018660207241
1772937514.806834,-2.1041935528706945
1772937514.806864,-1.7757019544589572
1772937514.8068905,-1.6249771973841953
1772937514.8069172,-1.5911177989218377
1772937514.8069441,-1.4562797879908387
1772937514.8069723,-1.0907813783348783
1772937514.8070028,-0.5827564876801407
1772937514.8070292,-0.12410391504471599
1772937514.8070557,0.19149583621721675
1772937514.8070824,0.41395614831339017
1772937514.8071089,0.6010359481116154
1772937514.8071167,0.7190447389311954
1772937514.807125,0.7330015095305141
1772937514.8071332,0.7473269739561643
1772937514.8071463,0.9480207557681635
1772937514.8071597,1.3565847616577662
1772937514.8071704,1.7071159110809864
1772937514.8071787,1.66566110365509
1772937514.8071868,1.1887591266864197
1772937514.8071947,0.6005737994478233
1772937514.8072028,0.2727720069721536
1772937514.8072133,0.26531315464889477
1772937514.807222,0.3301543299385217
1772937514.8072302,0.23188281928482798
1772937514.807238,-0.025350285313665608
1772937514.8072464,-0.296386470654455
1772937514.8072543,-0.49704570047827856
1772937514.8072624,-0.5902936358589654
1772937514.8072705,-0.420771964963269
1772937514.8072784,0.24326495622754266
1772937514.8072865,1.3688341658117902
1772937514.8072944,2.431628689027476
1772937514.8073025,2.7270616902495814
1772937514.8073106,2.025175220306024
1772937514.8073187,0.8726716459571637
1772937514.8073268,0.14874833832818207
1772937514.807335,0.297749078455842
1772937514.8073428,1.0208913570352467
1772937514.807351,1.677285962307619
1772937514.807359,1.8766175976201755
1772937514.807367,1.6517888729792936
1772937514.807378,1.2030883218197996
1772937514.8073907,0.6770575811306022
1772937514.8074036,0.22505557625046207
1772937514.807412,0.08845943267144356
1772937514.8074195,0.42472454759439393
1772937514.8074276,1.04793764003142
1772937514.8074355,1.5009974059012388
1772937514.8074436,1.4885894945615263
1772937514.8074515,1.1817039598858377
1772937514.8074613,0.9999543156681526
1772937514.8074703,1.1198728480908162
1772937514.807479,1.3084952562690486
1772937514.8074868,1.2603418669277318
1772937514.8074949,0.9729957156656877
1772937514.8075027,0.6866518197856301
1772937514.8075132,0.5314027081359877
1772937514.807521,0.409792540408773
1772937514.8075292,0.26130847178639455
1772937514.8075373,0.2608228849859423
1772937514.8075452,0.570201267454137
1772937514.8075533,0.9439597460298128
1772937514.807568,0.8219265855794461
1772937514.8075812,-0.03414683630555453
1772937514.807593,-1.0919861051302169
1772937514.8076015,-1.430832870621011
1772937514.8076096,-0.6292847127955226
1772937514.807618,0.8209703737897558
1772937514.807626,2.031659907764583
1772937514.807634,2.5399300332295915
1772937514.8076422,2.5189735152068278
1772937514.8076503,2.291226421776273
1772937514.8076587,1.9068241780200281
1772937514.8076668,1.3317356404859801
1772937514.8076746,0.8609835944922313
1772937514.8076828,1.0272153233404246
1772937514.8076909,1.9940548249370385
1772937514.807699,3.220073522157398
1772937514.8077068,3.9281017450563676
1772937514.807716,3.8898069230564887
1772937514.807724,3.581548828259472
1772937514.807732,3.5207018073835834
1772937514.8077402,3.6116478833881374
1772937514.807748,3.3103124386926637
1772937514.807756,2.3821406507746996
1772937514.8077655,1.2995734344495273
1772937514.8077788,0.8002393796286894
1772937514.8077924,1.1574049896889145
1772937514.8078015,1.997778345249788
1772937514.8078096,2.764266155111189
1772937514.8078177,3.1802709710161516
1772937514.8078258,3.2325503123697734
1772937514.8078346,2.90454366555137
1772937514.8078425,2.1501385089908926
1772937514.8078504,1.1267305612712986
1772937514.8078585,0.2598242563310417
1772937514.8078663,-0.06115808895006347
1772937514.8078744,0.18721279415015607
1772937514.8078823,0.7069779025321927
1772937514.8078904,1.1925911747153743
1772937514.8078983,1.4821621341566151
1772937514.8079062,1.4317623816042033
1772937514.8079145,0.8614840511960453
1772937514.8079221,-0.19759478693752897
1772937514.8079302,-1.283286447471553
1772937514.8079383,-1.767718468825688
1772937514.8079464,-1.4551183475820424
1772937514.8079548,-0.8014905141823709
1772937514.8079631,-0.4065429813988431
1772937514.8079717,-0.35295026172171695
1772937514.8079796,-0.22707748291379734
1772937514.8079875,0.20060226092874542
1772937514.8079953,0.5618630124675915
1772937514.8080032,0.3711472339651125
1772937514.8080113,-0.18469379292234386
1772937514.8080196,-0.2679555926355793
1772937514.8080275,0.6209751974449775
1772937514.8080356,1.85138642518723
1772937514.8080437,2.159961687591535
1772937514.8080516,1.010768579059691
1772937515.2886832,0.5309747368889821
1772937515.2887201,-0.7123831627108435
1772937515.288747,-1.2916834064973077
1772937515.2887747,-1.0630916621767006
1772937515.2888029,-0.44831606854616524
1772937515.288833,0.09374881179635201
1772937515.2888598,0.36992729315714146
1772937515.2888863,0.37201826320682685
1772937515.2889128,0.15997861561884752
1772937515.2889397,-0.07739866540228627
1772937515.288967,-0.008272314596147681
1772937515.2889938,0.5817154629754496
1772937515.2890065,1.4858086311578949
1772937515.2890146,2.1722684360189293
1772937515.2890227,2.2847546373972047
1772937515.2890308,2.002814206349712
1772937515.2890391,1.8259116862701252
1772937515.2890515,2.0256163411116006
1772937515.289062,2.4012576781411643
1772937515.2890706,2.5757582370109158
1772937515.2890787,2.413109290911358
1772937515.2890868,2.068131950816278
1772937515.289095,1.7217450628697164
1772937515.2891033,1.4338136488294362
1772937515.2891111,1.2725369097988402
1772937515.2891195,1.4092493596392073
1772937515.2891273,1.9170363439356775
1772937515.2891352,2.5171403505728858
1772937515.2891433,2.713111163844037
1772937515.2891524,2.276497772467748
1772937515.289161,1.5141122938169873
1772937515.2891693,0.9357450404868205
1772937515.2891772,0.6849621910137698
1772937515.2891853,0.4288693486908013
1772937515.2891936,-0.156144509107442
1772937515.2892015,-0.9222104018071341
1772937515.2892094,-1.3966734565724432
1772937515.2892177,-1.3331773843391588
1772937515.2892253,-0.9530935824192639
1772937515.2892334,-0.6015537893046067
1772937515.2892413,-0.33047323543318174
1772937515.2892492,0.009804618519952214
1772937515.2892573,0.33446365962097957
1772937515.2892654,0.24221544154676827
1772937515.2892735,-0.46569803470335824
1772937515.2892816,-1.2993581776015644
1772937515.2892904,-1.3725102860373546
1772937515.2892988,-0.3109541786016702
1772937515.2893069,1.2182602888484624
1772937515.289315,2.028286685763931
1772937515.289323,1.498167741415114
1772937515.289331,0.1034546374342533
1772937515.2893388,-1.1039459306962076
1772937515.289347,-1.4432983002040674
1772937515.2893548,-1.0210218428591507
1772937515.289363,-0.370611580083301
1772937515.289371,0.1088063229084463
1772937515.289379,0.3236993413503314
1772937515.2893872,0.2908224382071379
1772937515.2893956,-0.009582584691724377
1772937515.2894037,-0.5464393828456839
1772937515.289412,-1.13226028649132
1772937515.28942,-1.5230594188214661
1772937515.289428,-1.62352761231713
1772937515.289436,-1.538846937325612
1772937515.289444,-1.4217474854648955
1772937515.289452,-1.3149543916611823
1772937515.2894602,-1.1520465225581014
1772937515.2894683,-0.8590090353307851
1772937515.2894764,-0.41968042887070695
1772937515.2894845,0.11348370613332537
1772937515.289492,0.6077441690447982
1772937515.2895,0.8677433290113047
1772937515.2895083,0.7626209574850504
1772937515.2895164,0.3929684829675989
1772937515.289525,0.07314689389677483
1772937515.2895336,0.04802083981002204
1772937515.2895415,0.21249807232130805
1772937515.2895496,0.1910052815077812
1772937515.2895577,-0.25059276307681866
1772937515.2895656,-0.9210141823367096
1772937515.2895737,-1.4079024883736928
1772937515.2895815,-1.5509013848807722
1772937515.2895896,-1.6094227463550224
1772937515.2895977,-1.9043489066743828
1772937515.289606,-2.369077277253645
1772937515.289614,-2.5779494428093397
1772937515.2896223,-2.2362780904382134
1772937515.289631,-1.5371707231734564
1772937515.289639,-0.9512073628571585
1772937515.289647,-0.717886961776796
1772937515.2896552,-0.6619204143415973
1772937515.2896636,-0.5187826627625043
1772937515.2896717,-0.298030386457029
1772937515.2896798,-0.19237590699395732
1772937515.2896876,-0.1783849426483896
1772937515.2896955,0.09330144254315792
1772937515.289704,0.8741695731377063
1772937515.289712,1.8512803990113909
1772937515.2897203,2.2898638233917197
1772937515.2897284,1.7534853802640649
1772937515.2897365,0.6355145723027911
1772937515.2897444,-0.1401968277894464
1772937515.2897525,0.0029179125058014393
1772937515.2897613,0.7470913400849533
1772937515.2897742,1.2391141705454196
1772937515.2897873,0.972248398311544
1772937515.2897995,0.2752557795166888
1772937515.2898111,-0.065943397942008
1772937515.2898192,0.3730442537727731
1772937515.289827,1.2309154505416782
1772937515.2898352,1.7152985744346092
1772937515.289843,1.3412466949016175
1772937515.2898512,0.3373662425990458
1772937515.2898593,-0.6155803974905271
1772937515.2898676,-1.0109009689535098
1772937515.2898757,-0.9193980045065002
1772937515.2898843,-0.8478640240066085
1772937515.2898927,-1.2352790873746329
1772937515.2899005,-2.0530036150697635
1772937515.7673,-0.5646209134799924
1772937515.7673483,-0.2534891887052364
1772937515.7673807,-0.3032389077876853
1772937515.7674096,-0.7364559051514813
1772937515.767438,-1.2038899581336469
1772937515.7674665,-1.2764968155117558
1772937515.767495,-0.8714880734401005
1772937515.7675233,-0.3773700777418126
1772937515.7675593,-0.32352832489504274
1772937515.767592,-0.8977936974701481
1772937515.7676203,-1.7724828287805787
1772937515.767634,-2.3901699233494793
1772937515.7676427,-2.413833758663133
1772937515.7676556,-1.9245134743201389
1772937515.7676663,-1.2465384966842572
1772937515.7676752,-0.6439131116717615
1772937515.7676845,-0.1855323882671879
1772937515.7676933,0.16965234798241624
1772937515.767702,0.4401651288243265
1772937515.7677104,0.5922448467029313
1772937515.7677193,0.5970710158225411
1772937515.7677276,0.47969291741526526
1772937515.7677364,0.31992864730896386
1772937515.7677453,0.22211221305794215
1772937515.7677538,0.25604779913781783
1772937515.7677639,0.37277366460578115
1772937515.7677734,0.37439344080407794
1772937515.767782,0.0461783721002376
1772937515.7677948,-0.5917117309017803
1772937515.7678084,-1.1642150186904785
1772937515.7678216,-1.1703912600625799
1772937515.7678301,-0.43225091092184026
1772937515.7678387,0.6698053626506332
1772937515.7678475,1.46477515265587
1772937515.767856,1.5448271975017305
1772937515.7678647,1.0701131513028794
1772937515.7678733,0.5450584787024172
1772937515.767882,0.33891068993453244
1772937515.7678905,0.44436965054918903
1772937515.7678993,0.6353970742616393
1772937515.7679076,0.7397738373858284
1772937515.7679164,0.7144076709607282
1772937515.7679262,0.5579628635053625
1772937515.7679355,0.3013925707576414
1772937515.7679443,0.1134902541917711
1772937515.767953,0.28243780877813374
1772937515.7679615,0.9419223479977241
1772937515.76797,1.8073864203079846
1772937515.767979,2.31119339699041
1772937515.7679875,2.1102600862825303
1772937515.7679963,1.4476920699691975
1772937515.768005,0.9304513420103125
1772937515.7680135,0.9203157884302994
1772937515.768022,1.193088130792621
1772937515.768031,1.2342676937213477
1772937515.76804,0.8249376646108281
1772937515.7680488,0.26478114921235635
1772937515.7680576,0.02327716172540477
1772937515.768066,0.25503175387036137
1772937515.7680745,0.7087130207183866
1772937515.768083,1.0502113987064656
1772937515.7680917,1.1649130720158463
1772937515.7681067,1.1203481636731707
1772937515.7681205,0.9373545641229711
1772937515.768132,0.522973634418813
1772937515.7681448,-0.15274160683333252
1772937515.7681584,-0.900585518110225
1772937515.7681713,-1.4137524194309703
1772937515.76818,-1.5288093454409173
1772937515.7681887,-1.3511758286473674
1772937515.7681973,-1.1233302029389438
1772937515.7682068,-1.0101386749686891
1772937515.7682211,-1.029258482167892
1772937515.768235,-1.1417657883031571
1772937515.7682488,-1.3367485273564648
1772937515.768258,-1.6018920481861818
1772937515.7683055,-1.8512605363555203
1772937515.7683148,-1.9373402040347691
1772937515.7683232,-1.7576563808817913
1772937515.768332,-1.346335930847073
1772937515.768341,-0.8595456482053501
1772937515.7683496,-0.4740237903190114
1772937515.7683585,-0.28564361008143524
1772937515.7683675,-0.27266765395302833
1772937515.7683768,-0.33215415181732766
1772937515.7683856,-0.3599041404903899
1772937515.7683947,-0.324336096758437
1772937515.7684035,-0.28172637163066366
1772937515.7684124,-0.31704633739697574
1772937515.768421,-0.46157678463498625
1772937515.7684298,-0.6666748062101898
1772937515.7684383,-0.8553984122175532
1772937515.7684472,-0.9878334977750879
1772937515.7684555,-1.06724798846386
1772937515.768464,-1.0950818998638125
1772937515.768473,-1.0472870485290944
1772937515.7684815,-0.9080330999764521
1772937515.76849,-0.711980660067224
1772937515.768499,-0.5298032143887075
1772937515.7685072,-0.4031894083054737
1772937515.7685168,-0.2971935481843388
1772937515.768526,-0.11583403284754389
1772937515.768535,0.2349104412711477
1772937515.7685435,0.776596727452826
1772937515.7685523,1.4111550704847111
1772937515.768561,1.9344994884848234
1772937515.7685697,2.14661470954057
1772937515.7685783,2.0145186675180207
1772937515.768587,1.73393212260357
1772937515.7685957,1.5689657164042574
1772937515.7686045,1.583543756571901
1772937515.768613,1.569611730000747
1772937515.7686222,1.3197882308032185
1772937515.7686315,0.9703245009581619
1772937515.76864,0.9572390521362316
1772937515.7686486,1.517415561815038
1772937515.7686577,2.2621196886610604
1772937515.768666,2.404381066345407
1772937515.7686749,1.5306640357388495
1772937515.7686837,0.10728640637399747
1772937516.2192566,2.079892029676749
1772937516.219299,2.1811285157478792
1772937516.2193222,2.0206472264335975
1772937516.219346,1.5785761325823
1772937516.2193696,1.055581728967415
1772937516.2193897,0.7420770448552938
1772937516.2194104,0.8501623041891526
1772937516.2194307,1.3779198458345623
1772937516.2194514,2.063747191299986
1772937516.2194664,2.512837026253289
1772937516.2194772,2.4803819620977783
1772937516.2194867,2.0889143489370467
1772937516.2194955,1.7208017693826088
1772937516.2195046,1.6293294027435743
1772937516.2195137,1.6655313975344732
1772937516.2195225,1.4539537054115739
1772937516.2195313,0.8515885782635513
1772937516.2195404,0.157230981226199
1772937516.219549,-0.2061073120262514
1772937516.2195578,-0.18629397125380595
1772937516.2195666,-0.18150361953428307
1772937516.2195764,-0.5826432852578053
1772937516.2195864,-1.300138248722428
1772937516.2195952,-1.8287550601898335
1772937516.2196038,-1.7768540808126367
1772937516.2196133,-1.254387178395989
1772937516.219622,-0.7056826815497703
1772937516.219631,-0.427416254248789
1772937516.2196398,-0.3321659000759244
1772937516.2196484,-0.16514400457149453
1772937516.2196572,0.15365557681781988
1772937516.2196658,0.46127978078801507
1772937516.2196743,0.5608251608838757
1772937516.2196832,0.4023421687900027
1772937516.2196918,0.05698666814209901
1772937516.2197008,-0.3921631766953066
1772937516.2197094,-0.8696834228558648
1772937516.2197185,-1.2680807914767127
1772937516.2197287,-1.478228348018196
1772937516.219738,-1.469487268606906
1772937516.2197468,-1.27365394937283
1772937516.2197556,-0.8692507499401098
1772937516.219764,-0.17057949970539493
1772937516.2197733,0.772324569152098
1772937516.2197819,1.6031413346279295
1772937516.2197907,1.851640277436263
1772937516.2197995,1.4116739665978084
1772937516.2198083,0.7714538253592729
1772937516.219817,0.61650309938071
1772937516.2198257,1.1337969855844054
1772937516.2198348,1.7783307581442265
1772937516.2198443,1.8141522499103369
1772937516.2198532,1.063331943186305
1772937516.219862,0.03311717940619758
1772937516.2198706,-0.6991609713918979
1772937516.2198792,-1.1050044902378477
1772937516.219888,-1.610889324123129
1772937516.2198968,-2.4483353322119226
1772937516.2199051,-3.2665678954174804
1772937516.219914,-3.4844219509212673
1772937516.2199228,-2.9527210178708883
1772937516.2199311,-2.137466568376847
1772937516.21994,-1.6270597307824908
1772937516.2199488,-1.5591729804554966
1772937516.2199576,-1.6058946609908573
1772937516.2199662,-1.4561657016137266
1772937516.2199748,-1.1775443420735172
1772937516.2199843,-1.0612672679983222
1772937516.2199936,-1.2094926709557496
1772937516.2200022,-1.3938860167500557
1772937516.220011,-1.3311397606499855
1772937516.2200196,-1.0145923286368563
1772937516.2200284,-0.7151393614770373
1772937516.2200377,-0.6804094530687426
1772937516.220046,-0.882978811982011
1772937516.220055,-1.0620701504216565
1772937516.220064,-0.9714506114676662
1772937516.2200725,-0.5808524438797456
1772937516.220081,-0.08557095964695509
1772937516.22009,0.23874771463060301
1772937516.2200992,0.21862686776964893
1772937516.2201085,-0.10511317281513288
1772937516.220117,-0.5066434679246221
1772937516.2201264,-0.7404501384820048
1772937516.2201352,-0.7219476339709441
1772937516.2201436,-0.5625414002553641
1772937516.2201524,-0.43068663865170165
1772937516.220162,-0.4006538555671234
1772937516.2201707,-0.45899134634084077
1772937516.22018,-0.625239804369375
1772937516.220189,-0.9767413762082524
1772937516.2201984,-1.4946591219783774
1772937516.2202077,-1.931843134525175
1772937516.2202172,-1.9514470059755469
1772937516.220226,-1.4714481221709266
1772937516.220235,-0.8377809860615325
1772937516.220245,-0.5664038106894849
1772937516.2202544,-0.8657666479375855
1772937516.2202635,-1.43275066151696
1772937516.2202723,-1.7482156109592046
1772937516.220282,-1.5666260101790714
1772937516.2202911,-1.09956490580797
1772937516.220301,-0.7403680140003421
1772937516.2203104,-0.6528273186777808
1772937516.2203195,-0.6359865968701938
1772937516.2203288,-0.3487882005609595
1772937516.220338,0.35862765789290235
1772937516.2203476,1.2892494613265524
1772937516.2203567,2.00419590151254
1772937516.2203667,2.100365462578987
1772937516.29559,39241.942952274294
1772937516.295617,17567.324014442594
1772937516.2956276,-4073.542158758064
1772937516.295637,-9263.712221567504
1772937516.2956457,-1130.3523300972295
1772937516.2956543,5252.125961332372
1772937516.295663,2294.5729291084517
1772937516.2956715,-3280.489853219962
1772937516.2956796,-2572.1360743278988
1772937516.295688,2573.5053921729027
1772937516.295696,3282.2185131730735
1772937516.2957046,-2292.7110546725803
1772937516.2957132,-5250.8659856537815
1772937516.2957213,1130.4365854377777
1772937516.2957296,9262.771333659835
1772937516.29574,4072.3520902844857
1772937516.2957492,-17567.97863968236
1772937516.2957575,-39241.802380158704
1772937516.2957659,-40782.45303403389
1772937516.3116198,-20243.763399642663
1772937516.3397553,3699.3748966488297
1772937516.3397903,11803.312698576865
1772937516.339801,3420.6670840128504
1772937516.3398118,-6325.997706148581
1772937516.4010327,27903.316448880978
1772937516.4010673,20015.350778829456
1772937516.4010816,7725.54834995034
1772937516.4010975,-5099.826955610648
1772937516.4011135,-12541.941760133845
1772937516.4011295,-9638.916162998206
1772937516.4011445,3845.2246192147427
1772937516.4011576,21786.071751279684
1772937516.40117,34160.6531807619
1772937516.401182,33154.21945929549
1772937516.4011943,19162.969463617148
1772937516.4012065,1398.1749117420425
1772937516.401218,-8841.906452825428
1772937516.8747168,-7269.688461359189
1772937516.87476,377.302545373446
1772937516.8747861,4677.743774049197
1772937516.8748126,1889.3715189561783
1772937516.8748424,-3395.816591916176
1772937516.8748696,-4642.092762841406
1772937516.8748963,-1024.4543117263443
1772937516.874924,2399.816147809297
1772937516.8749492,1454.2282033391618
1772937516.8749757,-2176.4935464034916
1772937516.8750024,-3636.6300993947134
1772937516.875029,-1282.9321029541604
1772937516.8750377,1520.9316208058558
1772937516.8750455,1116.6407149307006
1772937516.8750536,-1715.8125715493102
1772937516.8750615,-3094.2095806699504
1772937516.8750696,-1310.696528762242
1772937516.8750772,1072.4243925002627
1772937516.8750854,862.4338776312338
1772937516.8750937,-1505.575410801429
1772937516.875102,-2751.5952308376477
1772937516.87511,-1271.2547017982715
1772937516.8751185,809.0554305791642
1772937516.8751264,664.6791846520538
1772937516.8751345,-1403.0958415761709
1772937516.8751423,-2516.1057661848486
1772937516.8751504,-1212.6815410902884
1772937516.8751583,639.126306985829
1772937516.8751664,505.7460768560239
1772937516.8751743,-1352.7667456013096
1772937516.8751824,-2343.237691221986
1772937516.8751905,-1149.8987989902944
1772937516.8751986,521.648962971123
1772937516.8752067,373.6948413471687
1772937516.8752148,-1329.7693400638198
1772937516.8752227,-2207.720063741125
1772937516.8752322,-1083.9073134529629
1772937516.8752415,441.05892174787823
1772937516.8752499,264.57163757508994
1772937516.875258,-1321.8931218289085
1772937516.875266,-2100.299304219842
1772937516.875274,-1023.4618739846424
1772937516.875282,377.96905424920095
1772937516.8752902,166.67753732234357
1772937516.8752985,-1326.1791527586076
1772937516.8753066,-2012.5923756895847
1772937516.8753147,-965.517731239602
1772937516.8753226,330.51806174953094
1772937516.8753312,80.90281216138112
1772937516.8753395,-1336.300287172731
1772937516.8753476,-1938.5689002459264
1772937516.8753555,-910.1492573791029
1772937516.8753636,294.4065954658594
1772937516.8753715,5.512718165271916
1772937516.8753793,-1348.4725410132833
1772937516.8753872,-1873.0721316507445
1772937516.8753953,-856.5713293761316
1772937516.8754032,265.2485277525431
1772937516.8754113,-65.05086675534933
1772937516.8754191,-1365.9182897094008
1772937516.8754272,-1817.108600312502
1772937516.875435,-805.1949728587456
1772937516.8754437,243.37840287396497
1772937516.8754516,-128.15964119104996
1772937516.87546,-1383.8377902702837
1772937516.8754687,-1766.5398125965582
1772937516.8754773,-755.3509815494485
1772937516.8754852,226.25986280033447
1772937516.8754933,-186.72752101752837
1772937516.8755012,-1403.4329378548437
1772937516.8755093,-1721.4542728765705
1772937516.8755171,-707.7880480294584
1772937516.8755255,212.17463103023596
1772937516.8755333,-241.9523910629492
1772937516.8755412,-1424.2091033524446
1772937516.8755493,-1680.4092266431112
1772937516.8755572,-661.8040386349915
1772937516.8755655,200.63257377189976
1772937516.875574,-294.12528031786684
1772937516.8755822,-1444.6504695461144
1772937516.87559,-1640.0663537676503
1772937516.8755982,-613.7993561818772
1772937516.8756063,193.8330597812119
1772937516.8756142,-343.14436538774686
1772937516.8756225,-1466.7098997283256
1772937516.8756301,-1604.2313606208386
1772937516.8756385,-568.9088383931755
1772937516.8756464,186.7191125801415
1772937516.8756545,-391.96752884345085
1772937516.8756623,-1489.9861139052725
1772937516.8756704,-1569.8710611492795
1772937516.8756788,-523.9078008346909
1772937516.875687,180.19164140210046
1772937516.875695,-443.0209711706813
1772937516.875704,-1519.3011287414538
1772937516.875712,-1541.9486765697197
1772937516.87572,-481.23526529092624
1772937516.875728,176.48298552571075
1772937516.875736,-488.8504714122177
1772937516.875744,-1543.9206422512946
1772937516.875752,-1510.6030486276245
1772937516.8757598,-436.2657661965073
1772937516.875768,173.11440301086265
1772937516.875776,-537.0833221194127
1772937516.8757842,-1572.1030831593214
1772937516.8757925,-1480.571937970703
1772937516.8758006,-388.75562101466164
1772937516.875809,173.87998853295647
1772937516.8758173,-583.1688379047001
1772937516.8758252,-1600.9639778193487
1772937516.875835,-1451.8009758843825
1772937516.8758516,-341.29978134732505
1772937516.875865,174.78458090192825
1772937516.8758762,-630.7433651585281
1772937516.875887,-1632.4231177185131
1772937516.8758972,-1424.3770875908358
1772937516.875908,-293.25034980199393
1772937516.8759196,175.9952187334157
1772937516.8759336,-680.2076188505025
1772937516.8759449,-1666.2322388323937
1772937517.354154,15.828475948384265
1772937517.3542058,566.0229021334612
1772937517.354232,319.5415730216543
1772937517.3542645,-377.93899615606847
1772937517.3542917,-546.4546006610185
1772937517.3543196,52.21371287563973
1772937517.3543465,578.2867334058238
1772937517.3543732,291.8738379700106
1772937517.3544,-406.6969895380585
1772937517.3544269,-536.4155686671342
1772937517.354453,86.91680672223586
1772937517.3544612,589.0077181676586
1772937517.3544695,262.90334510649257
1772937517.354478,-435.8274692706339
1772937517.3544858,-525.0958882976108
1772937517.3544984,124.0090212151442
1772937517.3545077,601.4118946243892
1772937517.3545163,233.665041625497
1772937517.354524,-466.3579592803076
1772937517.354532,-514.4156908600177
1772937517.35454,161.7752750203826
1772937517.3545485,614.3137430139745
1772937517.3545563,203.19379792113799
1772937517.3545647,-499.48398625970236
1772937517.3545725,-506.1034727569815
1772937517.3545809,197.93752321969714
1772937517.354589,625.4141950540095
1772937517.354597,170.39946796591897
1772937517.3546057,-533.6588583528985
1772937517.3546135,-495.4616199780318
1772937517.3546216,239.20161689331684
1772937517.3546295,641.1459072095549
1772937517.3546383,139.44036918578936
1772937517.3546467,-567.7245145005692
1772937517.3546548,-483.9688009990006
1772937517.3546627,282.1890587611296
1772937517.3546708,657.1593645939917
1772937517.3546786,106.43649530654633
1772937517.3546865,-603.375218467309
1772937517.3546948,-470.3561074945936
1772937517.3547027,329.9406924741466
1772937517.3547113,675.726624759477
1772937517.354719,71.01327232067197
1772937517.3547275,-643.4296541287829
1772937517.354736,-458.2209154430998
1772937517.354745,379.42159980439476
1772937517.3547528,694.5165444343671
1772937517.3547606,31.22721396832596
1772937517.3547685,-689.2440263678501
1772937517.3547769,-447.8336835896684
1772937517.3547847,431.35757856875404
1772937517.3547933,714.603504078004
1772937517.3548012,-11.59533975565608
1772937517.3548093,-738.3115488220747
1772937517.354817,-434.8283836457656
1772937517.354825,490.839917219293
1772937517.3548331,739.374001261699
1772937517.3548417,-57.04170849996747
1772937517.3548493,-791.895221445161
1772937517.3548574,-419.9872311025391
1772937517.3548653,557.7067441851599
1772937517.354874,767.1777138166641
1772937517.3548825,-109.59172177311272
1772937517.3548903,-855.4250529801155
1772937517.3548982,-406.12489287090153
1772937517.3549063,633.1912212704202
1772937517.3549144,801.3601236911118
1772937517.3549223,-166.2184906878601
1772937517.3549304,-926.2396177796976
1772937517.3549385,-389.8785112049091
1772937517.3549464,720.0255740623969
1772937517.3549545,840.2873133569111
1772937517.3549623,-234.28668141014177
1772937517.3549707,-1012.976110526685
1772937517.3549795,-374.47630309461357
1772937517.3549876,821.9617630123304
1772937517.3549955,889.3933290233069
1772937517.3550036,-312.050913952647
1772937517.3550117,-1116.208010690609
1772937517.3550196,-357.34665799779856
1772937517.3550277,945.2237516068585
1772937517.3550355,951.499205908596
1772937517.355044,-405.68668935860404
1772937517.3550515,-1246.0397005625005
1772937517.3550596,-341.38875906267657
1772937517.3550675,1096.8586396861792
1772937517.3550756,1033.0930752236443
1772937517.3550837,-519.2024002595333
1772937517.355091,-1410.8679584656802
1772937517.3550997,-323.19471218695827
1772937517.3551083,1295.072363304591
1772937517.3551164,1147.674705778868
1772937517.3551245,-663.2842901984424
1772937517.3551323,-1636.3330154889604
1772937517.3551402,-311.9352563097579
1772937517.355148,1559.933755203678
1772937517.355156,1315.9553631736887
1772937517.355164,-852.4100311062795
1772937517.355172,-1960.9763028707193
1772937517.35518,-315.35834115627097
1772937517.355188,1940.016796688316
1772937517.355196,1587.2324108713408
1772937517.355204,-1115.5654546675994
1772937517.3552127,-2477.911658777675
1772937517.3552206,-368.29745353537595
1772937517.355229,2539.2631089935558
1772937517.3552368,2095.3242496763164
1772937517.3552449,-1497.8013119676932
1772937517.3552525,-3425.8671909245763
1772937517.3552608,-595.6202780941866
1772937517.3552687,3644.1050569942313
1772937517.355277,3306.771237741731
1772937517.355285,-2083.4625989877622
1772937517.3552935,-5761.974547186011
1772937517.3553016,-1784.1421108982959
1772937517.3553095,6495.046401575292
1772937517.3553178,8529.449877244953
1772937517.3553257,-2144.7680757932144
1772937517.3553338,-20255.364289878198
1772937517.3553424,-33523.9384910442
1772937517.8359857,-2.51654264807018
1772937517.8360336,-2.8329330834548467
1772937517.8360617,-2.5662324297706967
1772937517.8360896,-1.5408181179236446
1772937517.836121,-0.13334911737737007
1772937517.8361492,0.8696693524198166
1772937517.8361776,0.901444524595042
1772937517.836206,0.1254086692972262
1772937517.8362346,-0.7287919736730389
1772937517.8362627,-1.0461593247055223
1772937517.8362916,-0.8113095947761043
1772937517.8363197,-0.4400852510726495
1772937517.8363333,-0.2446056103033264
1772937517.836342,-0.16518874881876355
1772937517.836351,0.006184640137262364
1772937517.83636,0.28493772626169506
1772937517.8363693,0.4708491745335344
1772937517.836378,0.4110915887941748
1772937517.836387,0.17273174965493548
1772937517.836396,-0.06765998701310155
1772937517.8364048,-0.21654402348637536
1772937517.8364136,-0.28004533912507773
1772937517.8364232,-0.2494697366808224
1772937517.836432,-0.08852065230430424
1772937517.8364403,0.14198272497600503
1772937517.8364491,0.25361017522999807
1772937517.8364584,0.1315231563998707
1772937517.8364844,-0.0558795917207342
1772937517.8364947,0.03411307382633163
1772937517.8365047,0.5343801859427898
1772937517.8365133,1.1502018366486286
1772937517.8365219,1.4201178363826863
1772937517.8365307,1.2064599977797497
1772937517.8365395,0.8567662094378554
1772937517.836548,0.833355184145073
1772937517.836557,1.2230367685750962
1772937517.8365653,1.6704006886872866
1772937517.836574,1.7751211705593648
1772937517.8365827,1.4787589862564987
1772937517.8365912,1.0458749894985864
1772937517.8366,0.7614297283942807
1772937517.836609,0.7453198127438975
1772937517.8366175,1.0188036923480608
1772937517.8366263,1.5761824621838159
1772937517.836635,2.267491548647405
1772937517.8366437,2.6917514831693024
1772937517.8366525,2.424760080226155
1772937517.836661,1.4886391369737255
1772937517.8366697,0.5207293444851719
1772937517.836678,0.2885227886080438
1772937517.8366868,0.9354348615374507
1772937517.8366957,1.770447099774477
1772937517.836704,1.9234229036471662
1772937517.8367124,1.2374684519954733
1772937517.8367207,0.4421237259119217
1772937517.8367293,0.3878775493066525
1772937517.8367383,1.1456694776427903
1772937517.8367484,1.9348721277678136
1772937517.8367577,1.9414167616695948
1772937517.8367662,1.1271137612666529
1772937517.8367746,0.17914936155943975
1772937517.8367832,-0.27594921078289303
1772937517.836792,-0.2845559892504569
1772937517.8368003,-0.36250798425906827
1772937517.836809,-0.7946247137867105
1772937517.836818,-1.2866947532351982
1772937517.8368263,-1.3463710794281747
1772937517.836835,-0.8958850848237784
1772937517.8368435,-0.37605258956488613
1772937517.8368523,-0.23582660735673433
1772937517.8368616,-0.42988189032683893
1772937517.83687,-0.5111119508007093
1772937517.8368788,-0.18045928456112142
1772937517.8368871,0.3755427357323866
1772937517.8368995,0.7480718883963128
1772937517.8369105,0.8260768253130801
1772937517.836918,0.9285583391533708
1772937517.836926,1.3823290061684697
1772937517.836934,2.0511200817359545
1772937517.8369424,2.390960390447979
1772937517.8369503,2.0009924637465444
1772937517.836959,1.071706786319688
1772937517.8369665,0.2463932286751666
1772937517.8369749,0.048238615496546004
1772937517.8369827,0.45719612678376376
1772937517.8369908,1.0088895404656093
1772937517.8369997,1.2360757333216015
1772937517.837008,1.0005599107224448
1772937517.837016,0.4841914903872001
1772937517.837024,-0.025127824746521556
1772937517.837032,-0.3114715458054263
1772937517.83704,-0.29366325364621804
1772937517.837048,-0.029973009160928883
1772937517.8370557,0.3146015203599906
1772937517.8370636,0.5767369074615892
1772937517.8370717,0.7383340548440483
1772937517.8370795,0.9506103365376305
1772937517.8370876,1.3543805188216247
1772937517.837096,1.8516522166352851
1772937517.8371043,2.1018910707711447
1772937517.8371124,1.8139534291573423
1772937517.8371203,1.0703684409153627
1772937517.8371282,0.3409242829157997
1772937517.837136,0.13615393378246632
1772937517.837144,0.6102414921679526
1772937517.8371518,1.464888513040593
1772937517.8371599,2.2069335873968794
1772937517.837168,2.5048873201371418
1772937517.837176,2.3623556048296415
1772937517.837184,2.035316097898646
1772937517.837192,1.8147270449197526
1772937517.8372,1.833266194247394
1772937517.837208,1.9951988365218867
1772937517.837216,2.0637115370239996
1772937517.8372235,1.864641210282086
1772937517.8372324,1.4645816551214017
1772937517.8372405,1.1489998720287349
1772937517.8372483,1.1704428248356378
1772937517.8372562,1.4762373312333124
1772937517.8372643,1.7004108490456993
1772937517.8372724,1.4748468794120106
1772937518.3180804,0.32760845785027937
1772937518.3181272,-0.11499102764398993
1772937518.3181503,0.06462947807029093
1772937518.3181736,0.6392196451560321
1772937518.3181932,1.0412337432012375
1772937518.318214,1.0330735322998281
1772937518.3182752,0.9136930050135668
1772937518.318296,1.0548042058859022
1772937518.3183112,1.4096359889007226
1772937518.3183253,1.6246751289594208
1772937518.3183405,1.5598949781924818
1772937518.31835,1.4924800337718354
1772937518.318359,1.7308243145103097
1772937518.3183675,2.169795554425912
1772937518.3183763,2.391877907317078
1772937518.3183851,2.1784400032598543
1772937518.318394,1.7501153988861518
1772937518.3184028,1.4340227418018767
1772937518.3184116,1.2313148342588174
1772937518.3184204,0.8774478147554392
1772937518.3184288,0.2991298514264417
1772937518.3184376,-0.17839944656976833
1772937518.318447,-0.18334059513557457
1772937518.3184571,0.24449082568256852
1772937518.318467,0.6945516125736088
1772937518.3184755,0.8696027275826428
1772937518.3184843,0.8792994072882339
1772937518.318493,0.9877550275079603
1772937518.3185039,1.1995613286738667
1772937518.3185177,1.2623077001137573
1772937518.3185322,1.0633328590094568
1772937518.318545,0.8418992789878771
1772937518.318554,0.892026464943638
1772937518.3185625,1.1449261231699637
1772937518.318571,1.2105366933318196
1772937518.31858,0.8544194146594016
1772937518.3185887,0.2986632689090519
1772937518.3185973,-0.045852073771721735
1772937518.3186064,-0.07476421654642126
1772937518.3186152,-0.09216631485517485
1772937518.318624,-0.41873242521951437
1772937518.3186326,-1.0175255099487037
1772937518.3186412,-1.569281691299787
1772937518.3186495,-1.8281339929937772
1772937518.3186584,-1.7925387340512309
1772937518.3186667,-1.5679769517271986
1772937518.3186755,-1.222753931901509
1772937518.3186843,-0.8488655060121296
1772937518.318693,-0.6392528614201797
1772937518.3187017,-0.7353747353149188
1772937518.3187103,-0.9942043635088105
1772937518.3187191,-1.0554513654934854
1772937518.31873,-0.7323885289730712
1772937518.31874,-0.25403599029877444
1772937518.3187487,0.005653589379836604
1772937518.3187573,0.01572351804634525
1772937518.318766,0.15426608446089238
1772937518.3187745,0.7128697738958887
1772937518.3187833,1.4422557194497785
1772937518.3187916,1.7414596298884253
1772937518.3188004,1.3015332057156614
1772937518.318809,0.4372619696821433
1772937518.3188179,-0.27205129688247237
1772937518.3188264,-0.562053156751442
1772937518.3188355,-0.5966426423278602
1772937518.3188455,-0.5863449466931566
1772937518.318854,-0.5039233939190114
1772937518.318863,-0.26163669546961865
1772937518.3188713,-0.009964857727736557
1772937518.3188796,-0.04502406954501089
1772937518.3188884,-0.4064802913947514
1772937518.3188972,-0.7486656299169681
1772937518.3189056,-0.7310017938536868
1772937518.3189144,-0.43843280526112166
1772937518.3189228,-0.24797600630506783
1772937518.3189313,-0.29025803913687254
1772937518.31894,-0.2375200478389776
1772937518.3189487,0.24818863437194255
1772937518.3189576,0.966217613771492
1772937518.318966,1.2789577194608324
1772937518.3189747,0.8033752507540165
1772937518.318984,-0.14269160890390845
1772937518.318993,-0.8892271205224513
1772937518.3190017,-1.1208525417413535
1772937518.3190105,-1.0930145550206638
1772937518.3190193,-1.179900811387456
1772937518.319028,-1.4157689165326348
1772937518.3190365,-1.6031337864961066
1772937518.319045,-1.7261479095904368
1772937518.3190536,-1.9995155355503396
1772937518.319062,-2.4528062993005317
1772937518.3190708,-2.6792726346677425
1772937518.3190794,-2.2167097785477616
1772937518.3190882,-1.1537007761225826
1772937518.3190975,-0.16025943517669863
1772937518.319106,0.18271438796934059
1772937518.3191147,-0.01914073561659086
1772937518.3191233,-0.1642299045102974
1772937518.3191319,0.11886546820423348
1772937518.3191404,0.6025985415007508
1772937518.319149,0.850120929918364
1772937518.3191576,0.8019559123090577
1772937518.3191664,0.8023256040066945
1772937518.319175,1.0807624778716856
1772937518.3191836,1.401961323852505
1772937518.319192,1.3347769652122965
1772937518.3192008,0.7719837453941033
1772937518.319209,0.04191089169036548
1772937518.319218,-0.48375762294049035
1772937518.3192265,-0.7573320366024324
1772937518.319236,-0.9757530956597125
1772937518.3192449,-1.2438695995106157
1772937518.3192534,-1.4426896721033282
1772937518.319262,-1.4085449505797762
1772937518.3192704,-1.1157023540196103
1772937518.3192792,-0.6422719788281207
1772937518.3192878,-0.06968170284543913
1772937518.3192964,0.4743375687311665
1772937518.319311,0.7344965882806442
1772937518.3193188,0.46430116479480465
1772937518.797231,1.5414500288111521
1772937518.797274,1.2680500322340404
1772937518.797305,0.6286121594205033
1772937518.7973323,0.34098671810202597
1772937518.7973592,0.7001194627588098
1772937518.7973857,1.2453452475342461
1772937518.7974129,1.2906315830287622
1772937518.797439,0.6887449487107926
1772937518.797466,-0.05839183126501996
1772937518.7974925,-0.4201872484060798
1772937518.7975192,-0.4069325752859233
1772937518.7975457,-0.4345140643023052
1772937518.797561,-0.7263823838065714
1772937518.797569,-1.0256918939713504
1772937518.7975771,-0.9469136147917363
1772937518.7975855,-0.49284370862090754
1772937518.7975934,-0.09415097041521563
1772937518.7976017,-0.13675481471037032
1772937518.79761,-0.5341576135137887
1772937518.7976198,-0.798529066713508
1772937518.7976284,-0.4844642913547091
1772937518.7976367,0.4569223863179127
1772937518.797645,1.6726094438751005
1772937518.7976532,2.641760422328404
1772937518.7976613,2.939571253192763
1772937518.7976696,2.4430928890788857
1772937518.7976775,1.4326409661405528
1772937518.7976856,0.47412904871757233
1772937518.7976935,0.04986120840724837
1772937518.7977016,0.1910449897040784
1772937518.7977097,0.49243595048829225
1772937518.7977178,0.5588196900861984
1772937518.7977262,0.4316523624803225
1772937518.7977343,0.4997890358511521
1772937518.797742,0.9680411323238047
1772937518.7977502,1.5135975886215995
1772937518.7977583,1.5934716103386501
1772937518.797766,1.0986648581044018
1772937518.797774,0.579048758947966
1772937518.7977824,0.7018846097038829
1772937518.7977903,1.4983917049547595
1772937518.7977984,2.253169757063773
1772937518.7978065,2.20671274573732
1772937518.7978144,1.3298511230377574
1772937518.797822,0.336682381853995
1772937518.79783,-0.059186928285102684
1772937518.7978382,0.17415985793508815
1772937518.797846,0.4697863260720353
1772937518.7978554,0.3356869527047353
1772937518.7978642,-0.16707555918338154
1772937518.7978723,-0.6191915988297892
1772937518.79788,-0.7825613877706624
1772937518.797888,-0.811544628191666
1772937518.797896,-0.9330274725144383
1772937518.797904,-1.0583488339697342
1772937518.797912,-0.846854295813037
1772937518.7979205,-0.15396515348660988
1772937518.797928,0.6959469220341041
1772937518.797936,1.1716951581326402
1772937518.7979443,1.051386865777709
1772937518.7979527,0.6065998364733785
1772937518.7979612,0.2611457202433257
1772937518.7979689,0.1427104596537957
1772937518.797977,0.045081260703910234
1772937518.7979858,-0.20079560990131093
1772937518.7979937,-0.4482799170437109
1772937518.7980015,-0.42077117502099876
1772937518.7980096,-0.13232341231914213
1772937518.7980175,0.018933277717569523
1772937518.7980251,-0.31996961502614407
1772937518.7980335,-0.9621290422635438
1772937518.798041,-1.2299906562032885
1772937518.7980494,-0.5844182993260989
1772937518.7980573,0.7997947839999763
1772937518.7980652,2.136287851446018
1772937518.7980733,2.7249118351161608
1772937518.7980812,2.5332129112503714
1772937518.79809,2.092497978939394
1772937518.798098,1.8832256473793998
1772937518.798106,1.8984757285553315
1772937518.798114,1.812465066567576
1772937518.798122,1.480125355956392
1772937518.79813,1.1566779992788905
1772937518.798138,1.2008060231753757
1772937518.798146,1.6396591454443927
1772937518.7981567,2.1154048772237553
1772937518.7981691,2.2671461601379352
1772937518.7981827,2.0946521691232687
1772937518.798192,1.887751192771266
1772937518.7982008,1.8241181737508856
1772937518.7982132,1.7247417389600563
1772937518.7982347,1.2669077016572483
1772937518.7982516,0.4159458354501852
1772937518.7982652,-0.4291500087415535
1772937518.798279,-0.7712639412735091
1772937518.7982929,-0.49107969507204785
1772937518.7983065,0.039995995500053935
1772937518.7983208,0.3260940372918721
1772937518.7983325,0.2037628425162879
1772937518.7983408,-0.07207416875422928
1772937518.7983496,-0.15635713464384038
1772937518.7983582,0.03187536072743171
1772937518.7983665,0.2951501766036046
1772937518.7983756,0.43360862894390767
1772937518.7983842,0.44797092981419545
1772937518.7983928,0.4408907149588299
1772937518.7984025,0.38112321916652153
1772937518.7984116,0.06275624778634308
1772937518.7984202,-0.6593079831197499
1772937518.7984324,-1.6285800537059443
1772937518.7984457,-2.4332219412381466
1772937518.7984583,-2.7034999413933134
1772937518.7984707,-2.3525604759066754
1772937518.7984831,-1.5539748593075533
1772937518.7984955,-0.565445142103746
1772937518.7985091,0.37171920515928253
1772937518.7985218,1.0240720350212766
1772937518.798534,1.2127372407577628
1772937518.7985466,0.9733747751589122
1772937518.79856,0.6249794065779816
1772937519.2764964,-0.1032445272646546
1772937519.2765467,-0.5253162804243868
1772937519.2765725,-0.8984497666420976
1772937519.2765987,-0.9784999560312858
1772937519.2766254,-0.7036330604927842
1772937519.2766523,-0.2801592988886674
1772937519.2766793,0.05517943542456123
1772937519.276706,0.2766860748932998
1772937519.2767324,0.48885196980846324
1772937519.2767591,0.6575558618117804
1772937519.2767863,0.5758632491122732
1772937519.2768075,0.17026313478425276
1772937519.2768164,-0.26339425543959094
1772937519.2768252,-0.2892691757419967
1772937519.276834,0.17618768996310383
1772937519.2768493,0.7225982611942123
1772937519.276864,0.8970641930269749
1772937519.2768757,0.7464928749999943
1772937519.2768872,0.7789430839262851
1772937519.2768981,1.3465919820587668
1772937519.2769096,2.169029550126909
1772937519.2769208,2.5794026883127494
1772937519.276932,2.230420179745385
1772937519.2769432,1.4584884370807116
1772937519.2769544,0.9093623022660213
1772937519.2769656,0.8719972931240484
1772937519.2769763,1.053629733764175
1772937519.2769887,0.9798068932566215
1772937519.2770011,0.5192548102609835
1772937519.277012,-0.018883927294922075
1772937519.2770233,-0.23722542786209147
1772937519.2770343,-0.032176012709674295
1772937519.2770455,0.33966428080832206
1772937519.2770567,0.49168172366254215
1772937519.277068,0.19990368224793167
1772937519.2770793,-0.4350502460827028
1772937519.2770908,-1.0402560603903344
1772937519.277102,-1.2337493934900277
1772937519.2771127,-0.9549223893102577
1772937519.277124,-0.5729005762060368
1772937519.2771351,-0.5817206175105235
1772937519.2771463,-1.094099027004486
1772937519.277158,-1.6563953271040286
1772937519.2771692,-1.6652629054973231
1772937519.2771816,-1.0123035583680888
1772937519.2771935,-0.25011976516979323
1772937519.2772052,-0.038764511567014326
1772937519.277217,-0.4411142353062189
1772937519.2772279,-0.8476707706810956
1772937519.2772388,-0.6269838317708785
1772937519.27725,0.21699099625047574
1772937519.2772613,1.0937752820710749
1772937519.2772725,1.4782005629948476
1772937519.2772837,1.4004254656462767
1772937519.2772949,1.2607386286089168
1772937519.277306,1.2733917828307109
1772937519.2773175,1.2351099079705756
1772937519.2773297,0.8549691682161472
1772937519.277341,0.1860091817732711
1772937519.277352,-0.38758876948357274
1772937519.2773633,-0.5773078003155601
1772937519.2773745,-0.5018472293431054
1772937519.2773857,-0.5201318516444601
1772937519.2773964,-0.8034728800842886
1772937519.277408,-1.1471210427643102
1772937519.277419,-1.209813942718785
1772937519.2774305,-0.8820781596145039
1772937519.2774417,-0.38473232118854056
1772937519.2774527,-0.039867156591440106
1772937519.277464,0.0031118697362113607
1772937519.277475,-0.1754042966508914
1772937519.277486,-0.40581584971835355
1772937519.2774973,-0.565384492145896
1772937519.2775095,-0.5902136287916776
1772937519.277521,-0.4286642272456429
1772937519.277532,-0.05143154222711053
1772937519.2775435,0.48112687033805607
1772937519.2775548,1.0007703460654513
1772937519.277566,1.3259952939659443
1772937519.2775767,1.3917584505801501
1772937519.2775881,1.2705549084679162
1772937519.2775993,1.0460544186556164
1772937519.2776105,0.6756610318504144
1772937519.2776215,0.020492896706940086
1772937519.2776327,-0.9503128916914564
1772937519.2776444,-1.994327124251003
1772937519.2776563,-2.689698250382013
1772937519.2776673,-2.7476102286076247
1772937519.2776785,-2.2430247639646987
1772937519.2776897,-1.5213887092102534
1772937519.277701,-0.8857185051774727
1772937519.2777123,-0.40947154482141823
1772937519.2777233,-0.05117960436400688
1772937519.2777348,0.1406848869637611
1772937519.2777462,0.05570717041711368
1772937519.2777572,-0.22894930292495083
1772937519.2777689,-0.3477024241127235
1772937519.27778,0.060310031804183414
1772937519.2777915,0.9319787150219934
1772937519.277803,1.752478238665416
1772937519.2778144,2.0325053122926247
1772937519.277826,1.7848343893824585
1772937519.2778385,1.4443071576459448
1772937519.2778504,1.3194785264565663
1772937519.2778616,1.2380956433658892
1772937519.2778728,0.820098402671994
1772937519.2778835,0.03261202592666041
1772937519.2778947,-0.6812786101861155
1772937519.277906,-0.883194807436136
1772937519.2779171,-0.6471464043554943
1772937519.277928,-0.47018851129849293
1772937519.277939,-0.698529823983486
1772937519.2779503,-1.165657183083145
1772937519.2779615,-1.4462524701523203
1772937519.2779734,-1.3615313962983233
1772937519.277985,-1.1134487444470942
1772937519.2779963,-0.9622312579271338
1772937519.2780075,-0.9413880264350493
1772937519.2780187,-0.96905745029998
1772937519.27803,-1.106787491735322
1772937519.7574663,-0.49301349515012155
1772937519.7575092,-0.8188256682114932
1772937519.7575352,-1.2800328864852415
1772937519.757562,-1.3601249610720176
1772937519.757589,-1.0153367528854973
1772937519.7576168,-0.7721043505238879
1772937519.757644,-1.0750603550672018
1772937519.7576723,-1.6999313026532965
1772937519.7577004,-1.9839463481099693
1772937519.757728,-1.5857949744794866
1772937519.7577555,-0.8262297993241969
1772937519.7577844,-0.22976807482356792
1772937519.757794,0.08520471528659948
1772937519.7578022,0.3867843404960345
1772937519.75781,0.7916902588297199
1772937519.7578185,1.0100958503962894
1772937519.7578263,0.7423617980142618
1772937519.7578347,0.16261937657334002
1772937519.7578428,-0.21911710720004682
1772937519.7578514,-0.17423506492365665
1772937519.7578595,-0.02987496869370375
1772937519.7578676,-0.21381045406747887
1772937519.757876,-0.6665267744677345
1772937519.7578852,-0.9170442215841272
1772937519.757894,-0.7401988955714701
1772937519.7579024,-0.5161694713987831
1772937519.7579105,-0.7764599330895434
1772937519.7579186,-1.4907917623382736
1772937519.7579267,-2.0209561661679882
1772937519.7579353,-1.8348072054932512
1772937519.7579436,-1.1042440977462866
1772937519.7579517,-0.4550196909627283
1772937519.75796,-0.20218496771703814
1772937519.7579684,-0.02565519544349695
1772937519.7579763,0.5503841295074423
1772937519.757985,1.52000052900028
1772937519.7579935,2.3910218109824983
1772937519.7580016,2.760761222129456
1772937519.7580097,2.7121921750431137
1772937519.758018,2.574387290810915
1772937519.7580268,2.437042909713958
1772937519.7580357,2.078530151832887
1772937519.7580435,1.3647763015265357
1772937519.758052,0.5467804232171317
1772937519.75806,0.04423811836541245
1772937519.758068,-0.007315778961912599
1772937519.7580764,0.1278271172667537
1772937519.7580843,0.12891296523706292
1772937519.7580926,-0.030578378062160256
1772937519.7581007,-0.14016061455990264
1772937519.7581093,-0.08699537089521726
1772937519.7581177,-0.012962643363094514
1772937519.7581265,-0.11501452376282441
1772937519.758135,-0.3749656306770019
1772937519.758143,-0.5616532889414244
1772937519.7581513,-0.47956613548199334
1772937519.7581592,-0.15231584748741125
1772937519.7581675,0.24256549628127663
1772937519.7581756,0.5561766877102324
1772937519.7581837,0.7463348191748875
1772937519.7581916,0.8185145907006057
1772937519.7582393,0.7671638556807304
1772937519.7582471,0.6004878527173422
1772937519.7582564,0.38078940459669164
1772937519.758269,0.19093278898606075
1772937519.758283,0.05352706318428125
1772937519.758294,-0.09523450105458517
1772937519.7583032,-0.3361886278108941
1772937519.7583125,-0.6668477131931407
1772937519.758322,-0.962175986505564
1772937519.7583313,-1.033850084556107
1772937519.7583404,-0.7559682574054593
1772937519.7583497,-0.17671567861070106
1772937519.7583585,0.4784048601863402
1772937519.7583673,0.9470029786941068
1772937519.7583764,1.1172943607704828
1772937519.7583852,1.0839498242988197
1772937519.7583945,1.000380621548851
1772937519.7584033,0.8848923644509361
1772937519.758412,0.6194599852701506
1772937519.7584207,0.16435198823581512
1772937519.7584295,-0.27509937364887477
1772937519.7584393,-0.37849174314472456
1772937519.7584484,-0.03738641681776994
1772937519.7584572,0.49200100841390126
1772937519.7584665,0.8148118837647776
1772937519.7584753,0.7732367036651316
1772937519.758484,0.5662063856266265
1772937519.7584927,0.5049335821576256
1772937519.7585015,0.6994818086233122
1772937519.75851,1.0006337851153069
1772937519.7585187,1.189674217160775
1772937519.7585275,1.1625696764276676
1772937519.7585363,0.9589816304584683
1772937519.758545,0.7110726641955388
1772937519.7585535,0.6003693545725908
1772937519.7585623,0.7706107827713607
1772937519.7585714,1.163162421974113
1772937519.7585807,1.44484169861418
1772937519.75859,1.22808594536637
1772937519.7585988,0.4565087720704677
1772937519.7586074,-0.4733694121294887
1772937519.7586162,-1.069989552504888
1772937519.7586253,-1.2248833788842062
1772937519.758634,-1.2464304019569532
1772937519.7586427,-1.4025482764120047
1772937519.7586515,-1.5607328258954105
1772937519.7586603,-1.4103199624812606
1772937519.758669,-0.9764292288397217
1772937519.7586775,-0.6981886176426053
1772937519.7586863,-0.8913764254675676
1772937519.7586956,-1.2815411685779605
1772937519.7587047,-1.2900791241006857
1772937519.7587135,-0.7826580892093082
1772937519.7587223,-0.29736722772504515
1772937519.7587311,-0.3650321143743607
1772937519.7587397,-0.749084045219444
1772937519.7587488,-0.6614724355684694
1772937519.7587576,0.1853731608847718
1772937519.7587664,0.9992788668960959
1772937519.7587755,0.6737733420128145
1772937520.2392404,1.3030259554161558
1772937520.2392812,1.175764669047226
1772937520.2393076,0.9768933049555802
1772937520.239334,0.7113721539638219
1772937520.2393608,0.3475969607345433
1772937520.2393887,0.11613308045578759
1772937520.2394211,0.3809773562804555
1772937520.2394469,1.1367498168765042
1772937520.2394733,1.8302177964509576
1772937520.2395,1.8873485725666368
1772937520.2395267,1.3666245704790783
1772937520.2395396,0.8703358894858845
1772937520.2395477,0.7507393030444879
1772937520.2395563,0.6292654636682411
1772937520.2395644,-0.06530660757931028
1772937520.2395723,-1.1674254324109838
1772937520.2395804,-1.7191227817392045
1772937520.2395885,-1.0398168012473534
1772937520.2395973,0.3100866080784002
1772937520.239606,0.9350979523504324
1772937520.239614,0.05007815319543352
1772937520.239622,-1.6642476079189397
1772937520.2396302,-2.7885693585456566
1772937520.239638,-2.632896235426336
1772937520.2396464,-1.7973189240548095
1772937520.2396543,-1.3336074360516723
1772937520.2396624,-1.638595875984489
1772937520.2396705,-2.3258662840156985
1772937520.2396784,-2.953264162459085
1772937520.2396865,-3.4887577654416395
1772937520.2396944,-3.982050325501183
1772937520.239713,-4.123528936798047
1772937520.2397213,-3.501982081764806
1772937520.2397287,-2.280539096604038
1772937520.2397368,-1.2749684125099043
1772937520.2397456,-1.1361095330486122
1772937520.2397544,-1.5880361337178082
1772937520.2397623,-1.733460781240297
1772937520.2397702,-1.1263913137345722
1772937520.2397785,-0.3016782234266944
1772937520.239786,-0.09237121825164445
1772937520.2397943,-0.5840988819570953
1772937520.2398024,-1.0171190155998953
1772937520.2398105,-0.7525037099067556
1772937520.2398186,-0.08268515704428836
1772937520.2398264,0.12681433195262745
1772937520.2398343,-0.48934024244248914
1772937520.2398427,-1.3352028651185437
1772937520.2398512,-1.550343907755571
1772937520.239859,-0.9946603690565308
1772937520.2398672,-0.35034323686729785
1772937520.2398753,-0.2803158170332482
1772937520.2398832,-0.6837276397063844
1772937520.239891,-0.8856017801126523
1772937520.2398992,-0.45166078343459704
1772937520.2399073,0.34669858684651983
1772937520.2399151,0.8815309041120354
1772937520.2399232,0.8458639387441932
1772937520.239931,0.5005763050453013
1772937520.2399392,0.3110087096420232
1772937520.2399473,0.44750786316927843
1772937520.2399552,0.6664600410553984
1772937520.2399633,0.622695081649522
1772937520.2399712,0.256381401479562
1772937520.2399802,-0.1132020589816591
1772937520.2399883,-0.06509985579521015
1772937520.2399964,0.5153716415973968
1772937520.2400045,1.268884385789756
1772937520.240013,1.6318911367545001
1772937520.2400208,1.3408015161375268
1772937520.2400286,0.6843068269162021
1772937520.2400367,0.21278380009180092
1772937520.2400453,0.18467789134665272
1772937520.2400537,0.3597140328466038
1772937520.2400615,0.38048700393894924
1772937520.2400696,0.27864635829086987
1772937520.2400784,0.46044475002147556
1772937520.240092,1.1584224502903882
1772937520.2401052,2.0329172336549983
1772937520.2401185,2.4619791745396653
1772937520.240128,2.2013187065038045
1772937520.240136,1.6077704257689098
1772937520.240144,1.1581886635238574
1772937520.240152,0.8929892903414917
1772937520.24016,0.49940190542063445
1772937520.240168,-0.10752141500394397
1772937520.2401762,-0.524411357024685
1772937520.2401843,-0.3190739015294137
1772937520.240192,0.3715421734669877
1772937520.2402,0.9191081081295446
1772937520.2402081,0.91011879373586
1772937520.240216,0.5945819754039319
1772937520.240224,0.4990154651264797
1772937520.2402327,0.7043394571886479
1772937520.2402408,0.7301562300512993
1772937520.240249,0.1813856567697717
1772937520.2402568,-0.67857989569021
1772937520.2402647,-1.170166893628325
1772937520.2402723,-0.950642541131788
1772937520.2402802,-0.34120313270442376
1772937520.2402883,0.13166291578703357
1772937520.240296,0.3490560920765106
1772937520.240304,0.6156305026954941
1772937520.2403119,1.1598169875813225
1772937520.2403195,1.8271235605337128
1772937520.240328,2.3093687494891464
1772937520.2403364,2.4929749580705645
1772937520.2403443,2.4319499437944416
1772937520.2403524,2.0930497895318587
1772937520.2403605,1.3818881643874341
1772937520.240368,0.4806987798463155
1772937520.240376,-0.07221686722184628
1772937520.240384,0.11403401945019312
1772937520.240392,0.7307116221918901
1772937520.2404003,0.959795096149939
1772937520.2404084,0.34500706630680583
1772937520.2404163,-0.652124801721894
1772937520.2404246,-1.1380420304983432
1772937520.2404325,-0.794483546250107
1772937520.2404404,-0.21617110614056448
1772937520.7186356,0.42769937201852226
1772937520.718681,0.9180475817439717
1772937520.7187088,1.1266668415094236
1772937520.7187307,1.5463998339627028
1772937520.7187502,2.1573481088202198
1772937520.7187698,2.471195253549803
1772937520.718789,2.2263376306472598
1772937520.7188091,1.7812617291678758
1772937520.718829,1.6941820630979474
1772937520.718845,2.0569925826686024
1772937520.7188537,2.44227060661069
1772937520.7188623,2.485434895780806
1772937520.718871,2.3046749854575608
1772937520.7188797,2.228781858264841
1772937520.7188897,2.2554725903432624
1772937520.7188993,2.0124884402610546
1772937520.7189078,1.2942308001967473
1772937520.7189164,0.4521486669551106
1772937520.7189252,0.08348036812207113
1772937520.718934,0.36286902510034535
1772937520.7189424,0.8240723148990344
1772937520.7189512,0.8547958073415585
1772937520.719001,0.33669593027644185
1772937520.7190099,-0.24256151988748104
1772937520.7190187,-0.23145672591415672
1772937520.7190273,0.6966124991991285
1772937520.7190356,2.3790237355888175
1772937520.7190447,4.263179389608498
1772937520.7190533,5.601023043117288
1772937520.719062,5.758592239187607
1772937520.719071,4.640104115577158
1772937520.7190807,2.91093491144724
1772937520.7190895,1.6380127602714407
1772937520.7190986,1.4878951178826139
1772937520.7191072,2.2051080170826154
1772937520.719116,2.9289252618552024
1772937520.7191243,3.040664735495343
1772937520.7191331,2.654572853852129
1772937520.7191417,2.2967216256600502
1772937520.7191508,2.2509960997246234
1772937520.7191591,2.3536745419815386
1772937520.719168,2.3638381027795297
1772937520.7191768,2.312298576211727
1772937520.7191858,2.360192316596457
1772937520.719195,2.440463247350443
1772937520.7192037,2.2676573063785033
1772937520.7192123,1.7581693693918792
1772937520.7192209,1.2685365541779483
1772937520.7192295,1.241528298631774
1772937520.719238,1.647337113035821
1772937520.7192466,1.9490268231466557
1772937520.7192554,1.699906429606291
1772937520.7192643,1.0654389441265057
1772937520.7192729,0.6192307968049595
1772937520.7192814,0.6514137619150786
1772937520.71929,0.8302747351626842
1772937520.7192986,0.6132820818177811
1772937520.7193074,-0.11742803823585837
1772937520.719316,-0.9594336291369456
1772937520.7193244,-1.4915750113972246
1772937520.719334,-1.7066004875115
1772937520.7193427,-1.867284985690134
1772937520.7193513,-2.0533675241453517
1772937520.71936,-2.0330170339697977
1772937520.719369,-1.6144072571654169
1772937520.7193775,-0.9834196753303864
1772937520.7193918,-0.5633573627912782
1772937520.7194,-0.5657606611928369
1772937520.7194078,-0.7890509492254888
1772937520.719416,-0.8833005188741329
1772937520.7194238,-0.7176560608302512
1772937520.7194319,-0.4184467138827934
1772937520.71944,-0.12277238947183673
1772937520.7194483,0.16308003093490084
1772937520.719456,0.43783207573624006
1772937520.7194643,0.576707997941727
1772937520.7194724,0.4640785851512036
1772937520.7194803,0.22362527174801006
1772937520.719488,0.15983712423445423
1772937520.719496,0.38111038692652816
1772937520.719504,0.5665231649199598
1772937520.719512,0.26191929698927563
1772937520.7195199,-0.5516899599999301
1772937520.7195275,-1.2964372710998484
1772937520.7195356,-1.3264076519174903
1772937520.7195435,-0.6186039855098293
1772937520.7195513,0.15838706192856847
1772937520.7195597,0.3202241325881554
1772937520.7195675,-0.13678678777518147
1772937520.719576,-0.5829110620804174
1772937520.7195842,-0.47742535113473217
1772937520.7195923,0.05529373817544942
1772937520.7196004,0.4292187905053331
1772937520.7196083,0.31254926819032636
1772937520.7196164,0.017631497111760326
1772937520.7196245,0.12310384980514011
1772937520.7196324,0.7695322691286854
1772937520.7196405,1.4265283869416698
1772937520.7196484,1.3853645934735181
1772937520.7196565,0.43885910684914836
1772937520.7196643,-0.9463325352563852
1772937520.7196727,-2.0696434953311718
1772937520.719681,-2.534247168523965
1772937520.719689,-2.383064322591548
1772937520.719697,-1.8562782294466393
1772937520.719705,-1.1545246281579844
1772937520.7197132,-0.4271506178343252
1772937520.719721,0.16260974025322214
1772937520.7197287,0.5014709500537096
1772937520.7197368,0.6500176172980067
1772937520.7197447,0.7972539716756004
1772937520.719753,1.0345469734901935
1772937520.719761,1.2320131741623304
1772937520.7197688,1.2168327660558809
1772937520.7197769,1.046368827665808
1772937520.7197847,0.986044715299368
1772937520.7197926,1.1527941056675086
1772937520.7198007,1.2625004241443567
1772937520.719809,0.8717261722401088
1772937520.7198172,-0.09220222728722188
1772937521.1989913,-0.5469616842678818
1772937521.199031,0.2847845141133203
1772937521.1990538,0.663708084372794
1772937521.1990767,0.12335170065913167
1772937521.1990964,-0.7541869596941336
1772937521.1991162,-0.9400848138908737
1772937521.1991355,-0.0971781016002152
1772937521.1991556,1.0587145210222202
1772937521.1991794,1.570883279724342
1772937521.199199,1.2471433889286578
1772937521.1992123,0.7079101294519002
1772937521.199224,0.5244960682266131
1772937521.1992333,0.5581554098474901
1772937521.199242,0.2667380576459245
1772937521.199251,-0.49539466340458443
1772937521.1992595,-1.2236650341673583
1772937521.199268,-1.3426331033382084
1772937521.1992767,-0.8580710593994625
1772937521.1992853,-0.2909316024473597
1772937521.199294,-0.04212343106646335
1772937521.1993027,-0.0037986462506304406
1772937521.1993113,0.1673638602228221
1772937521.1993196,0.5573161325791417
1772937521.1993284,0.9209151534147507
1772937521.199337,1.0363402063513734
1772937521.1993456,0.949673838683552
1772937521.199354,0.809728265605012
1772937521.1993644,0.6075179258537475
1772937521.1993735,0.2415336271592298
1772937521.1993823,-0.1931878208411328
1772937521.199391,-0.3701775196153168
1772937521.1993997,-0.09227215278240465
1772937521.199408,0.4069375181377595
1772937521.1994169,0.6760846923871825
1772937521.1994252,0.5706385930288452
1772937521.1994336,0.4340727122745851
1772937521.1994421,0.6764181816413408
1772937521.1994507,1.2612423623956959
1772937521.1994596,1.7512661961162286
1772937521.1994681,1.8592669737617833
1772937521.199477,1.798001936906886
1772937521.1994855,1.9741819402490248
1772937521.1994941,2.4195557048680256
1772937521.1995027,2.706005690145219
1772937521.1995275,2.4821406322571984
1772937521.199536,1.964539199256287
1772937521.1995447,1.746346614138813
1772937521.1995533,2.1237657325605883
1772937521.1995618,2.740173960378846
1772937521.1995704,2.9671994609258667
1772937521.199579,2.5671739901631137
1772937521.1995876,1.8856968156341951
1772937521.1995964,1.422976757128718
1772937521.199605,1.3429977560522917
1772937521.1996136,1.4504358701328162
1772937521.199622,1.526893904075706
1772937521.1996334,1.528380337098608
1772937521.199643,1.449686204998609
1772937521.1996517,1.167727517425966
1772937521.1996603,0.577887704536616
1772937521.199669,-0.13877001836825542
1772937521.1996772,-0.5449011712549234
1772937521.199686,-0.35513911611054927
1772937521.1996949,0.21557990562107607
1772937521.1997035,0.6027770199938062
1772937521.199712,0.4216518434164002
1772937521.1997209,-0.18763122650675007
1772937521.1997292,-0.7494837536044708
1772937521.1997385,-0.931771630705641
1772937521.199748,-0.7966642888623808
1772937521.1997566,-0.6287428977345904
1772937521.199765,-0.617145558603665
1772937521.1997736,-0.7407478315088983
1772937521.1997824,-0.8872541341731556
1772937521.1997912,-0.9861985643130512
1772937521.1998,-1.020617478255914
1772937521.1998088,-0.9913171388365473
1772937521.199818,-0.9264269083836458
1772937521.1998274,-0.8875297961888251
1772937521.1998367,-0.8960922839202303
1772937521.1998458,-0.8565173259271072
1772937521.199855,-0.6290855594039964
1772937521.1998637,-0.22630297705633576
1772937521.1998725,0.11550290158834754
1772937521.1998816,0.15144096653958913
1772937521.1998937,-0.06793201277222749
1772937521.1999035,-0.1851301362820608
1772937521.1999123,0.09456128420623526
1772937521.1999216,0.633375794744066
1772937521.199931,0.9373114387827208
1772937521.1999404,0.6487187620841749
1772937521.1999495,-0.061043786188789
1772937521.1999588,-0.6328310677398056
1772937521.1999676,-0.6537616099318571
1772937521.1999764,-0.2283078423523791
1772937521.1999855,0.16845152986584755
1772937521.199994,0.15498835643327755
1772937521.2000043,-0.2549376379349142
1772937521.2000136,-0.7445854790464146
1772937521.200022,-0.9946623924568252
1772937521.2000315,-0.8865151402452927
1772937521.20004,-0.5124038319090766
1772937521.2000487,-0.09669845833438712
1772937521.2000575,0.09276740882766268
1772937521.200066,-0.1320810891746204
1772937521.200075,-0.7317484243813599
1772937521.2000833,-1.3989222013378413
1772937521.2000916,-1.7359123932939062
1772937521.2001007,-1.5483976337216296
1772937521.2001097,-0.9966665498076678
1772937521.2001183,-0.45765163788637336
1772937521.2001271,-0.22394779009160737
1772937521.2001357,-0.2997232344515874
1772937521.200144,-0.43125846981300686
1772937521.200153,-0.3084745057447004
1772937521.2001624,0.20594455621096597
1772937521.2001712,0.9350830021281213
1772937521.2001798,1.427143826614782
1772937521.200189,1.2283725347468457
1772937521.2001977,0.2729605092194449
1772937521.6789496,-0.9476481690095514
1772937521.6789913,-1.7349081261576365
1772937521.6790175,-1.6313865881302774
1772937521.679044,-0.9071621383191772
1772937521.6790712,-0.2620353301224776
1772937521.679098,-0.18199675424457495
1772937521.6791244,-0.5569312152552942
1772937521.6791513,-0.9037913495066295
1772937521.679178,-0.9034882444336458
1772937521.6792045,-0.6793999454235755
1772937521.6792312,-0.585512364113656
1772937521.6792579,-0.8013886361517053
1772937521.679266,-1.1704832369115874
1772937521.679274,-1.3916997717133355
1772937521.679282,-1.3081638930719912
1772937521.6792903,-1.0090309785707479
1772937521.6792984,-0.7096373632034463
1772937521.6793067,-0.5788335987904328
1772937521.6793149,-0.6627587058185328
1772937521.6793227,-0.9131741223311726
1772937521.6793308,-1.2422505590750903
1772937521.6793387,-1.5449814754137605
1772937521.6793473,-1.6943667076799371
1772937521.6793573,-1.5584711558154076
1772937521.6793659,-1.078183958353616
1772937521.679374,-0.37129088174960206
1772937521.679382,0.25385567938356235
1772937521.67939,0.46718286206681786
1772937521.679398,0.18564838969509986
1772937521.679406,-0.30708641164150563
1772937521.679414,-0.5621353619629986
1772937521.679422,-0.3436622112198465
1772937521.67943,0.18451955650151322
1772937521.679438,0.6617071062575179
1772937521.679446,0.8982861850018425
1772937521.679454,0.9998530492467513
1772937521.6794624,1.1355705040436774
1772937521.6794705,1.2721817427438566
1772937521.679479,1.2234844179959918
1772937521.6794865,0.943882220004928
1772937521.6794946,0.662675790916293
1772937521.6795025,0.6531268161068352
1772937521.6795104,0.9106467782090932
1772937521.6795185,1.1465770510878006
1772937521.6795263,1.1032371721040135
1772937521.6795344,0.7872961908607858
1772937521.6795423,0.34971129077637225
1772937521.6795504,-0.16353778596091081
1772937521.6795583,-0.789896093142334
1772937521.679566,-1.3701832897808819
1772937521.679574,-1.4697276959319967
1772937521.679582,-0.779366837822545
1772937521.6795912,0.38318402560340314
1772937521.6796,1.1361168754195625
1772937521.679608,0.7700283600689322
1772937521.679616,-0.5403267420945501
1772937521.679624,-1.826952950463463
1772937521.6796322,-2.1865428049573676
1772937521.6796403,-1.559673403300756
1772937521.6796484,-0.6852452161667837
1772937521.6796565,-0.35227086506936645
1772937521.6796644,-0.7296754520247276
1772937521.6796727,-1.3518279825789055
1772937521.679681,-1.6231676018851435
1772937521.6796896,-1.2917931047028257
1772937521.6796985,-0.5423187193515395
1772937521.6797063,0.2195210878408385
1772937521.6797144,0.6428251769039686
1772937521.6797223,0.6106121110649219
1772937521.6797304,0.2675178982004794
1772937521.6797383,-0.12010999509740225
1772937521.6797462,-0.395192407474147
1772937521.6797543,-0.628099427328639
1772937521.679762,-0.9747775713239122
1772937521.67977,-1.4150570138558394
1772937521.679778,-1.7014451686259067
1772937521.679786,-1.6290894174898394
1772937521.679794,-1.3139121636328386
1772937521.679802,-1.094611786230014
1772937521.67981,-1.125791437422844
1772937521.679818,-1.1663808974404888
1772937521.6798265,-0.8814359738955182
1772937521.6798348,-0.32602221296851314
1772937521.6798427,0.016389034709418184
1772937521.6798508,-0.23296812853294352
1772937521.6798587,-0.8482058014269569
1772937521.6798666,-1.1666738052083374
1772937521.6798744,-0.7865658420166046
1772937521.6798823,-0.000183600235183917
1772937521.67989,0.5461830957761922
1772937521.679898,0.5681885698439008
1772937521.6799057,0.403908452545288
1772937521.679914,0.5468198146780928
1772937521.6799223,1.0381685369474747
1772937521.6799307,1.4287249255912597
1772937521.6799386,1.3022788293053826
1772937521.679947,0.7053278690341789
1772937521.6799548,0.012433306986310526
1772937521.679963,-0.5249023847343928
1772937521.6799712,-0.962321919404391
1772937521.6799793,-1.407693644285082
1772937521.6799872,-1.730290947835489
1772937521.6799953,-1.6477623140196225
1772937521.6800032,-1.0883171359844652
1772937521.680011,-0.36745340965609924
1772937521.6800191,0.05291349868807055
1772937521.6800275,-0.03547249303440753
1772937521.6800356,-0.4382966059900814
1772937521.6800437,-0.7600581417431305
1772937521.6800513,-0.7055718664710853
1772937521.6800597,-0.2237505011576597
1772937521.680068,0.5274953940373259
1772937521.680076,1.2780494810034988
1772937521.6800864,1.7530985960633383
1772937521.6800992,1.8110088107888977
1772937521.6801105,1.5580950589965923
1772937521.6801214,1.301897333469507
1772937521.6801329,1.3056871123738956
1772937521.6801443,1.5345535579674465
1772937521.6801555,1.6583855247148356
1772937522.1601448,1.2329807993783228
1772937522.1601853,1.2359320631690567
1772937522.1602163,1.4738607731294353
1772937522.1602428,1.9394607779713042
1772937522.1602695,2.2691171185012786
1772937522.1602964,2.062929269105529
1772937522.1603227,1.3023696529129452
1772937522.160352,0.41025813326399746
1772937522.1603756,-0.109985439992186
1772937522.1604056,-0.07696619345853538
1772937522.160432,0.30052834104844295
1772937522.1604588,0.6798494915679437
1772937522.160467,0.8609779457715546
1772937522.160475,0.8591429885613293
1772937522.1604831,0.8120190875450746
1772937522.1604912,0.8699155421950956
1772937522.160499,1.126749343321887
1772937522.1605072,1.568682530027279
1772937522.160515,2.058902507870491
1772937522.1605246,2.415965927403663
1772937522.1605337,2.556549539372155
1772937522.1605415,2.5625225342341977
1772937522.1605499,2.5818860491694196
1772937522.160558,2.660061602746559
1772937522.1605663,2.6892699875947423
1772937522.1605744,2.5287459144739004
1772937522.1605823,2.1497182957852647
1772937522.1605906,1.6452474630016236
1772937522.1605985,1.1235378118627422
1772937522.1606066,0.6363450986413665
1772937522.1606145,0.21834511858082783
1772937522.1606228,-0.05212903841591628
1772937522.160631,-0.08850178580438649
1772937522.1606393,0.09542369679274895
1772937522.160647,0.3428001094559544
1772937522.1606548,0.455838838904012
1772937522.160663,0.36095411443140757
1772937522.1606708,0.18272112719879482
1772937522.1606789,0.15499868188776073
1772937522.1606867,0.43500103923164835
1772937522.1606948,0.9588388581930676
1772937522.1607027,1.4540151017964933
1772937522.1607108,1.6279090702958101
1772937522.1607192,1.414313293127201
1772937522.1607275,1.0661491109308727
1772937522.1607356,0.9594925310551394
1772937522.1607437,1.2352664063242098
1772937522.1607516,1.623704650861487
1772937522.160761,1.6849133282319264
1772937522.1607704,1.2805608548642518
1772937522.1607783,0.7903199600284239
1772937522.1607869,0.7925146386887175
1772937522.1607945,1.491383420017168
1772937522.1608024,2.4844328759830314
1772937522.1608107,3.1331116389916076
1772937522.1608188,3.156975287364075
1772937522.1608267,2.831268736589264
1772937522.1608348,2.6093073968085467
1772937522.160843,2.6164620760999253
1772937522.1608505,2.5698560708980343
1772937522.160859,2.171721494421762
1772937522.1608677,1.502845307058273
1772937522.1608756,0.9804900049732299
1772937522.160884,0.9500881151754161
1772937522.160892,1.358343144984306
1772937522.1609,1.822795150657018
1772937522.160908,1.9816531240950563
1772937522.160916,1.7633951688037324
1772937522.160924,1.3594942389066897
1772937522.1609323,0.9922123606592536
1772937522.1609402,0.7233473216313869
1772937522.1609485,0.4595730549809806
1772937522.160956,0.1133279273707106
1772937522.160964,-0.2537855208234762
1772937522.160972,-0.4590282747731048
1772937522.1609836,-0.3923267557361238
1772937522.160997,-0.1858148066696947
1772937522.1610105,-0.14632046712490415
1772937522.1610205,-0.4611960433600091
1772937522.1610281,-0.9678565274202967
1772937522.161036,-1.2768651386003151
1772937522.161044,-1.1745079161822063
1772937522.161052,-0.8747211998021589
1772937522.16106,-0.7983675126136119
1772937522.1610684,-1.0847379966128816
1772937522.1610763,-1.3926539848154045
1772937522.1610842,-1.2602399034402552
1772937522.1610923,-0.6440055414825894
1772937522.1611004,-0.013073379531063098
1772937522.1611087,0.13598410918160322
1772937522.1611173,-0.19403670815425342
1772937522.1611252,-0.5241822090041409
1772937522.1611333,-0.42859795657223265
1772937522.1611412,0.040166316110637014
1772937522.1611493,0.4742552885166431
1772937522.1611571,0.5683694828497157
1772937522.1611652,0.3616144934894404
1772937522.161173,0.059231909813180876
1772937522.1611812,-0.24126479914309693
1772937522.1611893,-0.5572853810871377
1772937522.1611972,-0.8324746657034259
1772937522.1612053,-0.8983648941366715
1772937522.1612132,-0.6859775806240415
1772937522.1612213,-0.39073469257721355
1772937522.1612294,-0.31864650559254915
1772937522.1612377,-0.5649199879273553
1772937522.161246,-0.9181631404871327
1772937522.1612544,-1.1061617473906886
1772937522.1612625,-1.0699613505524512
1772937522.1612704,-0.9425007705935553
1772937522.1612785,-0.8152748643770688
1772937522.1612864,-0.6392084904038157
1772937522.1612945,-0.37660732074475767
1772937522.1613023,-0.13995130737528438
1772937522.1613104,-0.06885576668249895
1772937522.161318,-0.09521883295238912
1772937522.161326,0.04016566798386873
1772937522.161334,0.4639716415542092
1772937522.1613424,0.9255715803865833
1772937522.1613512,0.982091464388577
1772937522.161359,0.45243581926534393
1772937522.6400983,0.06853090794845351
1772937522.6401567,-0.821143805737831
1772937522.6401882,-1.407995115778787
1772937522.6402147,-1.7755226802265953
1772937522.6402411,-2.19647629104446
1772937522.640268,-2.697745577108728
1772937522.640295,-2.990728595961802
1772937522.6403215,-2.8394341807037136
1772937522.6403482,-2.386527536831618
1772937522.6403768,-2.030484866485505
1772937522.640402,-2.0127540804612973
1772937522.6404126,-2.20166951816427
1772937522.6404257,-2.279160763939406
1772937522.640439,-2.0604448960631983
1772937522.6404572,-1.5997088156405361
1772937522.6404724,-1.066832921270829
1772937522.640484,-0.6237800674129285
1772937522.640492,-0.40304309117568454
1772937522.6405,-0.4716067583814578
1772937522.6405087,-0.7198068134614622
1772937522.6405168,-0.843872544008982
1772937522.6405249,-0.5823763949832517
1772937522.6405327,-0.0377668679146214
1772937522.6405408,0.3042808897258806
1772937522.6405492,-0.018234599997434542
1772937522.6405573,-0.9839744812358051
1772937522.640566,-2.0698918979882746
1772937522.640575,-2.715137160338144
1772937522.6405828,-2.786460461002622
1772937522.640591,-2.5797616432870907
1772937522.640599,-2.416007025946096
1772937522.640607,-2.3077599516863017
1772937522.6406152,-2.0338734606951956
1772937522.6406233,-1.4782573156031371
1772937522.6406314,-0.8274516688431625
1772937522.6406393,-0.42272783745021536
1772937522.6406474,-0.43938985291902544
1772937522.6406555,-0.7129837817535742
1772937522.6406672,-0.8627897929027706
1772937522.6406791,-0.5988772329220782
1772937522.6406872,0.03451475096153712
1772937522.6406953,0.6723073060249669
1772937522.6407032,0.9057698295620336
1772937522.6407125,0.617726104965652
1772937522.640721,0.08690306807664772
1772937522.6407292,-0.2562771074705089
1772937522.6407373,-0.21175695320839188
1772937522.6407452,0.041922401197697926
1772937522.6407533,0.17842517318757847
1772937522.6407611,0.0717359692703501
1772937522.6407692,-0.12305166204685505
1772937522.640777,-0.2143106538323907
1772937522.6407852,-0.21113654078196942
1772937522.640793,-0.2539099373917302
1772937522.6408012,-0.3567269872312106
1772937522.64081,-0.33752976356323766
1772937522.6408184,-0.058214978867415085
1772937522.6408265,0.34116259350266587
1772937522.640834,0.5572643987048121
1772937522.640842,0.4794746580985616
1772937522.64085,0.33423429133983695
1772937522.6408584,0.4058913397813088
1772937522.6408663,0.66588689133474
1772937522.6408744,0.7816800653825824
1772937522.6408825,0.5082764880462841
1772937522.6408908,-0.020828177758935227
1772937522.6408987,-0.46073373838598486
1772937522.6409068,-0.6586652818637871
1772937522.6409147,-0.7870072704572648
1772937522.6409225,-1.0670224896152192
1772937522.6409307,-1.4715713387769789
1772937522.6409383,-1.7919095118920858
1772937522.640947,-1.9450031159545091
1772937522.6409557,-2.0760100512762323
1772937522.6409633,-2.3037292771560116
1772937522.6409712,-2.461815789076564
1772937522.6409793,-2.2197405304469813
1772937522.6409872,-1.4759236162056963
1772937522.6409953,-0.5487555649920154
1772937522.6410072,0.07246282061211827
1772937522.641018,0.13007245501910597
1772937522.6410308,-0.275452204162792
1772937522.6410413,-0.885932687497635
1772937522.6410513,-1.4967198997988975
1772937522.6410632,-1.9631492221435591
1772937522.6410766,-2.1388581939078937
1772937522.6410897,-1.9545386361582588
1772937522.6411014,-1.55777860107574
1772937522.6411135,-1.253447728336139
1772937522.6411216,-1.224360287714926
1772937522.6411295,-1.3534489486737704
1772937522.641138,-1.3943896740599853
1772937522.641146,-1.29156671136413
1772937522.641157,-1.2293641819158274
1772937522.641168,-1.3331387804802004
1772937522.64118,-1.4228880081362827
1772937522.641199,-1.1818420238928373
1772937522.6412125,-0.5594560692754136
1772937522.6412208,0.11154623393044699
1772937522.641229,0.46648937845052924
1772937522.6412373,0.5087558439652526
1772937522.6412485,0.5583416445470738
1772937522.641264,-0.4502786658505386
1772937522.6412776,-0.034741130298681984
1772937522.6412864,0.8107180492492859
1772937522.6412947,1.0981206414348597
1772937522.6413028,0.2637560711712789
1772937522.6413112,-1.2575440838273217
1772937522.6413205,-2.470256124641957
1772937522.6413283,-2.748994406519779
1772937522.6413367,-2.288872290239255
1772937522.641346,-1.7304954630178906
1772937522.64136,-1.5119552291057778
1772937522.6413732,-1.6464098816488557
1772937522.641382,-1.9833350424180376
1772937522.641395,-2.4545566705146675
1772937522.6414073,-2.974439966007548
1772937522.6414218,-3.2326451966048855
1772937522.641436,-2.80234709610751
1772937522.6414487,-1.5589822942537788
1772937523.1204653,-1.2310913667046761
1772937523.12051,-0.7930198217982948
1772937523.1205363,-0.7305796229094376
1772937523.1205633,-1.206111766444936
1772937523.12059,-1.8852141122149118
1772937523.120617,-2.163281978977432
1772937523.1206436,-1.7017248947081542
1772937523.12067,-0.7550855944398023
1772937523.1206965,0.034959719999480623
1772937523.1207228,0.17865549367333244
1772937523.1207504,-0.28815203164534503
1772937523.1207764,-0.8887923005270266
1772937523.120785,-1.101627421081936
1772937523.1207933,-0.7033934086248925
1772937523.1208017,0.15615101549667015
1772937523.1208098,1.1032257498050357
1772937523.120818,1.7603790809023654
1772937523.120826,1.930015490779893
1772937523.1208344,1.6766021915420228
1772937523.1208425,1.2560788906582527
1772937523.1208506,0.918522706572577
1772937523.120859,0.7408601500748172
1772937523.1208677,0.6527203913307775
1772937523.1208766,0.6158834263283476
1772937523.1208847,0.7177823242140783
1772937523.1208928,1.027907867208988
1772937523.120901,1.388622455320577
1772937523.1209087,1.4610354378708281
1772937523.1209168,1.0663976135016862
1772937523.1209247,0.44999408743482266
1772937523.1209333,0.09489483852552041
1772937523.1209462,0.21663143897542994
1772937523.1209593,0.5036174892104158
1772937523.120972,0.45352137326098707
1772937523.120983,-0.030051641396932838
1772937523.1209908,-0.4709340740319851
1772937523.1209989,-0.32285461203272336
1772937523.1210067,0.3962587004483997
1772937523.1210148,1.0624835165610234
1772937523.121024,1.0674961803110432
1772937523.1210325,0.42518125457861
1772937523.1210408,-0.28908191904652913
1772937523.1210487,-0.557680520810631
1772937523.1210568,-0.38992213319532193
1772937523.1210651,-0.16889078414387057
1772937523.121073,-0.14555084022183234
1772937523.121081,-0.20182451747790447
1772937523.1210897,-0.09933013741738421
1772937523.1210976,0.17501448332703046
1772937523.1211057,0.4169520211041027
1772937523.1211135,0.5148050098901001
1772937523.121122,0.6168343691860169
1772937523.1211302,0.9162360573767032
1772937523.121138,1.3271271505977513
1772937523.121146,1.4827757729690214
1772937523.121154,1.0963288566524576
1772937523.121162,0.2798752404642994
1772937523.12117,-0.536722428693401
1772937523.1211777,-0.9843005494565175
1772937523.1211855,-1.0162044356578641
1772937523.121194,-0.8244402101790529
1772937523.121202,-0.592154766269635
1772937523.1212099,-0.3943037337788394
1772937523.121218,-0.2955888568150416
1772937523.1212263,-0.4200097731180425
1772937523.1212344,-0.836117364096503
1772937523.1212423,-1.399788863204883
1772937523.1212504,-1.8062140981716976
1772937523.1212587,-1.8583193290593736
1772937523.1212673,-1.6631097961529702
1772937523.1212752,-1.5112888268573967
1772937523.1212833,-1.5563190336989734
1772937523.1212914,-1.658018109439722
1772937523.1212993,-1.5757905008064539
1772937523.1213071,-1.2828915376707073
1772937523.1213152,-1.0187697055207734
1772937523.121323,-1.0027125842638591
1772937523.1213307,-1.1473828523214398
1772937523.1213388,-1.132415668277994
1772937523.1213467,-0.7779845593746021
1772937523.1213553,-0.2864828743702536
1772937523.1213636,-0.05527902891030442
1772937523.1213715,-0.2662436481717759
1772937523.1213791,-0.7296124520028975
1772937523.1213872,-1.156055339585301
1772937523.121395,-1.5046896059402124
1772937523.1214037,-1.957062677895044
1772937523.1214116,-2.544200787573653
1772937523.1214197,-2.926901732710314
1772937523.1214275,-2.6814708805630345
1772937523.1214356,-1.8093934143457155
1772937523.1214433,-0.8474862626145656
1772937523.1214511,-0.3784370610756466
1772937523.1214592,-0.4637444688131585
1772937523.121467,-0.6534728667764912
1772937523.1214747,-0.5606763676318048
1772937523.1214828,-0.3085257492513561
1772937523.1214912,-0.3129250452996537
1772937523.1214993,-0.6901742203701223
1772937523.1215076,-1.0579118447047673
1772937523.1215155,-1.0072763620081322
1772937523.1215234,-0.6555735596467441
1772937523.1215315,-0.5448894268761756
1772937523.121539,-0.9572181342652999
1772937523.121547,-1.4847185590972745
1772937523.1215549,-1.434356194625438
1772937523.1215627,-0.6323019726838248
1772937523.1215713,0.33019452096861757
1772937523.121579,0.7246219104893588
1772937523.1215875,0.4558434231324368
1772937523.1215956,0.07770346740571825
1772937523.1216035,0.07530609683521033
1772937523.1216118,0.3085969218482305
1772937523.12162,0.272970999785962
1772937523.121628,-0.19500548506192997
1772937523.121636,-0.6670689660812449
1772937523.1216443,-0.6251227788595913
1772937523.121652,-0.06944987809086127
1772937523.12166,0.5127799536205744
1772937523.121668,0.7379606385236546
1772937523.526511,1.4581679576957813
1772937523.5265543,0.9825200960234526
1772937523.5265808,0.43284653526597594
1772937523.5266078,0.25296644815595415
1772937523.5266347,0.4711853113262428
1772937523.5266616,0.6919193656147333
1772937523.526694,0.489312843913634
1772937523.5267196,-0.19642417271749196
1772937523.526746,-1.0375467616296135
1772937523.5267668,-1.6424354625483957
1772937523.5267754,-1.8581011868771262
1772937523.5267837,-1.7769051057799998
1772937523.5267916,-1.5417481261512518
1772937523.5268004,-1.2328614873298256
1772937523.5268087,-0.9314724782397161
1772937523.5268168,-0.7794618649494698
1772937523.5268252,-0.8692224062558864
1772937523.5268333,-1.0757715837232804
1772937523.5268428,-1.0901680809181993
1772937523.526852,-0.698137859687134
1772937523.52686,-0.022779171575321357
1772937523.5268679,0.5600127970908523
1772937523.5268764,0.7718761254797522
1772937523.5268843,0.6791482990244602
1772937523.526893,0.5754343264600075
1772937523.5269008,0.6400327622041113
1772937523.5269084,0.7478835166708032
1772937523.5269165,0.6219944923830861
1772937523.5269246,0.1445465611275991
1772937523.5269327,-0.5060563424424465
1772937523.5269406,-1.0182594764288744
1772937523.5269485,-1.2285854038858666
1772937523.5269568,-1.2449099142449835
1772937523.526965,-1.3104038922519465
1772937523.5269732,-1.5510477834031502
1772937523.526982,-1.844877296870851
1772937523.5269904,-1.9366873390986161
1772937523.5269983,-1.70088841234459
1772937523.5270061,-1.3066139225573392
1772937523.5270143,-1.103563834248762
1772937523.5270224,-1.3032287293771279
1772937523.5270305,-1.7564520676509667
1772937523.5270383,-2.072293207052242
1772937523.527047,-1.9883306355392147
1772937523.5270548,-1.6199000830808186
1772937523.5270634,-1.3192281148197227
1772937523.5270717,-1.2917280076700148
1772937523.5270796,-1.389122600951944
1772937523.527088,-1.299762047410751
1772937523.527096,-0.9023269470697443
1772937523.527104,-0.37380046812059914
1772937523.5271115,0.04586228555577918
1772937523.5271196,0.31709263586588526
1772937523.5271275,0.5708952438585446
1772937523.5271356,0.8587024445228965
1772937523.5271437,1.0358544570685269
1772937523.5271513,0.9410417023962586
1772937523.5271595,0.6283996538117999
1772937523.5271676,0.32922935882854176
1772937523.5271757,0.17848398280451147
1772937523.5271835,0.06681720636118399
1772937523.5271916,-0.1683947874386218
1772937523.5271995,-0.4459793069416002
1772937523.5272071,-0.4393183455450881
1772937523.527216,0.07408545399402638
1772937523.5272243,0.8989019674316312
1772937523.5272322,1.5224815395004858
1772937523.52724,1.5526304117353653
1772937523.5272481,1.0533500998418766
1772937523.527256,0.4703787524981261
1772937523.527264,0.26574820431476665
1772937523.5272722,0.6089448336183998
1772937523.52728,1.3215094702148356
1772937523.527288,2.0148410754345054
1772937523.5272963,2.290510325006139
1772937523.527304,1.9432849674831818
1772937523.5273123,1.1081159779505383
1772937523.5273206,0.2227846151785999
1772937523.5273285,-0.2560638421839746
1772937523.5273364,-0.20163016010056145
1772937523.527344,0.0953907651882783
1772937523.527352,0.21732565845360222
1772937523.52736,0.013585184017016331
1772937523.527368,-0.300810606480975
1772937523.527376,-0.4234275362374605
1772937523.527384,-0.2926170162237862
1772937523.527392,-0.11056126692962738
1772937523.5273998,-0.07361193120936824
1772937523.527408,-0.14145412364371102
1772937523.5274155,-0.0939001749318561
1772937523.5274236,0.21747916833618877
1772937523.5274315,0.7025052169070939
1772937523.5274396,1.0937579076099753
1772937523.527448,1.1410223254564744
1772937523.527456,0.7700791419650319
1772937523.527464,0.12711357620433575
1772937523.5274718,-0.4874886649414872
1772937523.52748,-0.7745336468273945
1772937523.5274875,-0.620627773072075
1772937523.5274956,-0.1816960087492961
1772937523.6229331,-0.40659377897941873
1772937523.622959,0.02977273885209854
1772937523.622969,0.16080889638011514
1772937523.6229782,-0.12912288895297855
1772937523.622987,-0.5945924396346726
1772937523.6229985,-0.8710867369470894
1772937523.6230087,-0.797018395696507
1772937523.6230173,-0.49532505371176594
1772937523.6230257,-0.20269112230192973
1772937523.6230338,-0.07286305471287415
1772937523.623043,-0.1043767727931465
1772937523.6230512,-0.1584372324895109
1772937523.6230593,-0.01784086701211008
1772937523.6230674,0.4753906611049786
1772937523.6230752,1.228799413444373
1772937523.623083,1.859562633344474
1772937523.6230912,1.9749905329511894
1772937523.623099,1.5836944623093068
1772937523.6231072,1.174476789573469
1772937523.6231153,1.263080049222665
1772937523.6231232,1.8190826137639124
1772937523.6231313,2.2187198474797407
1772937523.6231413,1.8461782351451268
1772937523.62315,0.7267848098917129
1772937524.0952663,0.8431473210404667
1772937524.0953083,0.4444887065228066
1772937524.0953343,0.09917638865123092
1772937524.0953612,-0.0781023761254761
1772937524.0953884,-0.005271626524017506
1772937524.0954149,0.31115309705241245
1772937524.095442,0.717105575421833
1772937524.0954685,0.9527005322698826
1772937524.0954955,0.8201019735119394
1772937524.0955222,0.3560751318452876
1772937524.095549,-0.1600504105948601
1772937524.0955703,-0.4054613300607132
1772937524.095579,-0.2690883832685406
1772937524.0955873,0.05850821456190187
1772937524.0955956,0.24831975249083713
1772937524.0956037,0.1124064028663018
1772937524.0956116,-0.24352598571843556
1772937524.09562,-0.5214272390199819
1772937524.095628,-0.48135826182019753
1772937524.095636,-0.11220012701213739
1772937524.095644,0.40740964729886775
1772937524.095652,0.8793323170807058
1772937524.0956604,1.2104769636773494
1772937524.0956683,1.4096931990174382
1772937524.0956767,1.5238683911513733
1772937524.0956848,1.6030158534312116
1772937524.0956929,1.687874404663382
1772937524.0957026,1.7669683918778487
1772937524.0957117,1.733582052627032
1772937524.0957196,1.4465628074048686
1772937524.095728,0.8987968838901952
1772937524.0957358,0.3115629428097243
1772937524.095744,-0.02116796425482039
1772937524.0957518,-0.03547377081134482
1772937524.0957596,-0.002376382770570899
1772937524.0957677,-0.24644478430474828
1772937524.0957756,-0.7453847253440804
1772937524.0957837,-1.0920031567084925
1772937524.0957916,-0.933110582724869
1772937524.0958006,-0.4169027007910289
1772937524.0958104,-0.09568574062171581
1772937524.0958183,-0.32839780624157466
1772937524.0958264,-0.8451180377550486
1772937524.0958345,-1.0068674375054565
1772937524.0958426,-0.507045663206949
1772937524.0958507,0.2748123333506936
1772937524.095859,0.6809079678235624
1772937524.095867,0.4875642816523768
1772937524.0958748,0.12048949166729597
1772937524.095883,0.15502386864827913
1772937524.0958908,0.6932151322857394
1772937524.0958989,1.299829842472566
1772937524.0959067,1.497104833807513
1772937524.0959146,1.2153546510814082
1772937524.0959227,0.7504016469891086
1772937524.0959303,0.4012734276094786
1772937524.0959392,0.25367600307751914
1772937524.0959473,0.26157225263673695
1772937524.0959551,0.3768379922815072
1772937524.0959632,0.521803816258534
1772937524.095971,0.5371170974797593
1772937524.0959792,0.31258734257342297
1772937524.095987,-0.005743242886364896
1772937524.0959952,-0.056921676857155094
1772937524.0960264,0.38517842200991503
1772937524.0960343,1.1298504660442452
1772937524.0960422,1.7215918067269096
1772937524.0960505,1.8815771734017883
1772937524.0960588,1.725026624569338
1772937524.0960677,1.5171581196161719
1772937524.0960755,1.3145918371196976
1772937524.0960839,0.9674520765564802
1772937524.0960922,0.4541643675154269
1772937524.0961,0.05473588252034597
1772937524.096108,0.07466009291411774
1772937524.0961163,0.4522753107570476
1772937524.0961244,0.7854103858923032
1772937524.096132,0.7962532422668651
1772937524.09614,0.6703240910022294
1772937524.096148,0.8275289563160746
1772937524.096156,1.3836013666057825
1772937524.0961635,1.9585016133201567
1772937524.0961716,2.0769685975191523
1772937524.0961795,1.696080901241496
1772937524.0961874,1.255216250046473
1772937524.0961957,1.214322714010479
1772937524.0962043,1.6088229622167465
1772937524.0962121,2.0656366643045203
1772937524.09622,2.185666863299748
1772937524.096228,1.8754838655955444
1772937524.096236,1.3825673839957935
1772937524.0962436,1.107297603594575
1772937524.0962515,1.3526998232098444
1772937524.0962596,2.1029325367824323
1772937524.096268,2.944982230026719
1772937524.0962756,3.2951877952442974
1772937524.0962837,2.886232243172108
1772937524.0962918,2.0970107034551067
1772937524.0963,1.6871507179850453
1772937524.0963085,2.071769808634183
1772937524.096316,2.8730829439326304
1772937524.096324,3.304462652970921
1772937524.096332,3.0262333618183184
1772937524.09634,2.50291954774174
1772937524.0963476,2.41135932462078
1772937524.0963557,2.777578608086514
1772937524.0963635,2.8983649431273233
1772937524.0963714,2.195323764364348
1772937524.0963793,0.9994722733616594
1772937524.096387,0.2889689774065234
1772937524.096395,0.6295018074018774
1772937524.096403,1.5381939904915038
1772937524.0964112,2.0204635905682826
1772937524.0964189,1.6628300112412322
1772937524.0964274,1.0306894392374688
1772937524.0964355,0.9524510537092483
1772937524.0964437,1.5506740804721877
1772937524.0964513,2.1094480643868105
1772937524.0964592,1.8583471997049419
1772937524.0964673,0.7556227652442171
1772937524.5749004,1.602502402694219
1772937524.5749404,1.787583666181004
1772937524.574967,1.6186549321627568
1772937524.5749936,0.881235935910023
1772937524.5750203,-0.18771363642248134
1772937524.57505,-0.9860293863677417
1772937524.5750763,-1.0281867167999514
1772937524.5751033,-0.322756617894231
1772937524.5751295,0.708745662367393
1772937524.575156,1.6179994408794585
1772937524.5751827,2.203984421615961
1772937524.5752091,2.4791365503783926
1772937524.5752175,2.494584785428145
1772937524.5752258,2.2665772260139656
1772937524.575234,1.8299696107468455
1772937524.575242,1.2748117755077661
1772937524.5752501,0.6956687337535649
1772937524.5752585,0.13864037876248483
1772937524.5752664,-0.3722272952093582
1772937524.5752747,-0.7851529175114131
1772937524.5752828,-1.0485365408105436
1772937524.5752912,-1.1882022367881442
1772937524.5752995,-1.295099008639926
1772937524.5753095,-1.3862097484033877
1772937524.5753188,-1.3081257738290415
1772937524.575327,-0.8665206224971793
1772937524.575335,-0.1024949706177747
1772937524.5753431,0.6037500255355296
1772937524.5753512,0.7998213030337622
1772937524.575359,0.3844500831221622
1772937524.5753677,-0.2638310839213973
1772937524.575376,-0.6382660827028692
1772937524.5753841,-0.5973063113868976
1772937524.5753922,-0.46931773348447203
1772937524.5754008,-0.6390042144054376
1772937524.5754087,-1.0659253261708155
1772937524.5754168,-1.2862201263684763
1772937524.5754251,-0.9236266631326193
1772937524.5754335,-0.15385694761876734
1772937524.5754414,0.41063614156017
1772937524.5754497,0.3243575737227159
1772937524.575458,-0.23029193304651785
1772937524.575466,-0.612914496757275
1772937524.5754745,-0.34957014566951694
1772937524.5754828,0.42032785009533447
1772937524.5754912,1.085495279568505
1772937524.5754993,1.096144376678895
1772937524.5755076,0.3670956245026328
1772937524.5755157,-0.7391609366123285
1772937524.575524,-1.7050715384397783
1772937524.575532,-2.1296456423590127
1772937524.57554,-1.8583212947264038
1772937524.5755491,-1.0203295795085296
1772937524.5755584,0.013722633812804362
1772937524.5755663,0.8125824980173427
1772937524.5755744,1.1509919534087105
1772937524.5755825,1.1350982683777686
1772937524.5755904,1.0283590716713185
1772937524.5755987,0.9438930213433901
1772937524.5756068,0.7572617781947627
1772937524.5756147,0.3488596552516367
1772937524.5756233,-0.13648801263420204
1772937524.5756311,-0.37734613971441267
1772937524.5756395,-0.24015582453959927
1772937524.575648,0.04052599282820756
1772937524.575657,0.1358540029353859
1772937524.575665,0.03926920915785604
1772937524.575673,0.08400971833275742
1772937524.5756812,0.4898606572300877
1772937524.5756893,0.9881636632157123
1772937524.5756977,1.0400917297062333
1772937524.5757055,0.4536089302539448
1772937524.5757136,-0.325085574683333
1772937524.5757215,-0.6316763272518008
1772937524.57573,-0.26695945696697143
1772937524.575738,0.32646383175169535
1772937524.575746,0.5715652312336269
1772937524.575754,0.33895719854821105
1772937524.5757623,-0.039929628759986485
1772937524.5757704,-0.25075912276497153
1772937524.5757785,-0.32897657299760624
1772937524.5757873,-0.48011357615619105
1772937524.5757957,-0.7117850051084706
1772937524.575804,-0.8064824579612826
1772937524.5758119,-0.6561364047220525
1772937524.57582,-0.4710807543344638
1772937524.575828,-0.548777103538486
1772937524.575836,-0.8929991344278934
1772937524.575844,-1.1875876908116627
1772937524.5758524,-1.1621625826006607
1772937524.5758605,-0.8701536015511911
1772937524.5758684,-0.5287667874035012
1772937524.5758765,-0.17048897856667294
1772937524.575885,0.3878470373693774
1772937524.5758936,1.195845765716612
1772937524.5759015,1.928027222766472
1772937524.5759096,2.1372962364659807
1772937524.5759175,1.7408298638651045
1772937524.5759258,1.1301502657804063
1772937524.575934,0.7395741025950546
1772937524.5759423,0.5916147048621276
1772937524.5759504,0.3780957718490565
1772937524.5759585,-0.03860720446860108
1772937524.5759664,-0.35413099457371566
1772937524.5759745,-0.14033022339062337
1772937524.5759828,0.6327023822067792
1772937524.575991,1.510242795315578
1772937524.575999,1.9934749748517935
1772937524.5760071,1.9616805800630772
1772937524.5760152,1.6090302842925297
1772937524.5760236,1.0844525961045421
1772937524.576032,0.37972266807310323
1772937524.57604,-0.3912518990982874
1772937524.576048,-0.785461346782574
1772937524.576056,-0.3329415302957369
1772937524.576064,0.8882809245263267
1772937524.576072,2.1029713959266227
1772937524.5760815,2.422242879405376
1772937524.5760896,1.6321889230710487
1772937524.5760975,0.3719452921209876
1772937524.81669,0.21923412167361375
1772937524.816741,-0.19595703752426114
1772937524.816774,-0.5891695445935557
1772937524.8168025,-0.8923012549158346
1772937524.8168187,-0.8883262336312601
1772937524.816828,-0.5476692245655834
1772937524.8168373,-0.17713717088084474
1772937524.8168468,-0.12497083556736033
1772937524.816856,-0.3824561334835684
1772937524.8168647,-0.5837976300728066
1772937524.8168736,-0.419494853445326
1772937524.8168828,0.025015518200526117
1772937524.816892,0.38125826253733913
1772937524.8169005,0.38152303269342686
1772937524.81691,0.0544348299878522
1772937524.8169188,-0.42255392307608564
1772937524.8169277,-0.9294667795045382
1772937524.8169365,-1.385718109745034
1772937524.8169456,-1.6077349562663517
1772937524.8169572,-1.345389917877085
1772937524.8169668,-0.540978524568734
1772937524.8169763,0.501009209491882
1772937524.8169854,1.2965685202917774
1772937524.8169947,1.5693198471691467
1772937524.8170035,1.4410221168876867
1772937524.8170123,1.244525385617349
1772937524.8170214,1.1908852137158727
1772937524.8170304,1.236681881282726
1772937524.817039,1.2263157802652005
1772937524.817048,1.095409903931803
1772937524.817057,0.9309849059553483
1772937524.817066,0.8943981502262686
1772937524.8170753,1.126228863871993
1772937524.817084,1.6851997805206433
1772937524.8170931,2.5013909479843406
1772937524.8171017,3.3654406596040967
1772937524.8171108,4.0186465801041305
1772937524.8171191,4.321464572769654
1772937524.8171284,4.349616920830577
1772937524.8171375,4.300885382676248
1772937524.8171463,4.296836929662008
1772937524.8171551,4.2912654274892095
1772937524.817164,4.17594564425787
1772937524.8171732,3.942663724230768
1772937524.817182,3.702058701799668
1772937524.817191,3.539440564896081
1772937524.8171997,3.3779212110108636
1772937524.8172085,3.001677611760366
1772937524.8172193,2.218674204743642
1772937524.8172293,1.0255639507267045
1772937524.817238,-0.3335469269104281
1772937524.8172472,-1.4442634445829283
1772937524.817256,-1.9199577223973396
1772937524.8172653,-1.6508580973676525
1772937524.817274,-0.9410483792639582
1772937524.8172832,-0.3616015965185828
1772937524.817292,-0.3487560226569417
1772937524.8173015,-0.8551680539485313
1772937524.993324,-780.7532435033963
1772937524.99336,-359.2282937056804
1772937524.9933867,-516.6125490395922
1772937524.9934115,-1055.5810900895046
1772937524.9934204,-1204.930534365517
1772937524.9934287,-718.3114042418204
1772937524.9934368,-271.19180377652617
1772937524.9934452,-526.9820645217488
1772937524.9934533,-1156.9258993002586
1772937524.9934616,-1254.4694263444246
1772937524.99347,-633.8344212003542
1772937524.9934783,-161.28962363140025
1772937524.993487,-553.7830837771071
1772937524.9934957,-1300.0754033088372
1772937524.9935038,-1314.9993761921482
1772937524.993512,-506.96916272594325
1772937524.99352,-9.673545336823445
1772937524.993528,-605.0449678011864
1772937524.993536,-1512.172201328244
1772937524.993546,-1392.203941767473
1772937524.9935548,-304.66273212807255
1772937524.993563,214.49091498284375
1772937524.9935715,-704.1623076011463
1772937524.99358,-1852.2622191424875
1772937524.9935884,-1495.0143060123817
1772937524.9935968,51.852571320691965
1772937524.993605,583.5201630922044
1772937524.993613,-911.8259580614368
1772937524.993621,-2473.464068570392
1772937524.9936292,-1646.6497561403596
1772937524.9936376,785.8492684084069
1772937524.993646,1313.3241616895048
1772937524.9936545,-1421.749269318123
1772937524.9936626,-3904.5022293557304
1772937524.9936707,-1948.421191962407
1772937524.9936788,2800.3642128637694
1772937524.993687,3423.349271449457
1772937524.993695,-3219.734200941244
1772937524.993703,-9635.54540172669
1772937524.993711,-3701.3652213659334
1772937524.993719,16715.8296114991
1772937524.9937272,37434.96186715946
1772937525.0626404,39930.085934823706
1772937525.0626671,20613.461693344914
1772937525.0626776,-4075.216742230326
1772937525.0626862,-13897.134984488304
1772937525.062695,-5253.000644437568
1772937525.0627034,6829.5186888304115
1772937525.0627165,7004.5146703866185
1772937525.0627277,-3282.93712184198
1772937525.0627365,-9524.482590477326
1772937525.062745,-3283.025431703499
1772937525.062754,7004.743699937517
1772937525.062762,6830.470496690345
1772937525.0627704,-5251.321922214638
1772937525.0627787,-13895.145627724529
1772937525.0627868,-4073.4277502079244
1772937525.062795,20614.75777461333
1772937525.0628033,39930.854675041446
1772937525.5442972,37436.34696933051
1772937525.544334,16717.511783126713
1772937525.5443606,-3700.033183354137
1772937525.544387,-9635.090309700085
1772937525.5444136,-3220.11714866858
1772937525.54444,3422.550996425835
1772937525.5444667,2799.47694006287
1772937525.5444937,-1949.4072203174267
1772937525.54452,-3905.812787191528
1772937525.5445468,-1423.6115033093458
1772937525.5445733,1310.8150766862275
1772937525.5445945,782.8536781596719
1772937525.5446029,-1649.5981687911196
1772937525.5446107,-2475.586052111084
1772937525.5446188,-912.597224519877
1772937525.5446272,583.8753037553623
1772937525.5446355,52.47925624063122
1772937525.544644,-1494.8166064938912
1772937525.544654,-1852.3449937207276
1772937525.5446627,-703.7295696984195
1772937525.544671,215.91447767285456
1772937525.5446792,-302.7921986808858
1772937525.5446873,-1391.0684331344992
1772937525.5446956,-1512.4973418055843
1772937525.5447035,-606.4535445044935
1772937525.544712,-11.146167503806296
1772937525.5447202,-507.85790377836884
1772937525.5447285,-1315.5025470404044
1772937525.5447364,-1300.77290727128
1772937525.5447445,-554.8834218957489
1772937525.5447528,-162.4539862050591
1772937525.5447705,-634.6798550275975
1772937525.5447788,-1255.0770118527487
1772937525.5447867,-1157.7510346164331
1772937525.5447953,-528.2931840691641
1772937525.5448034,-272.6707815681603
1772937525.5448115,-719.2284880543947
1772937525.5448198,-1204.703528736638
1772937525.5448277,-1054.208278377464
1772937525.544836,-514.6673094544839
1772937525.5448444,-357.5051166043764
1772937525.5448525,-779.8611197376475
1772937525.5448606,-1163.7477390888425
1772937525.5448687,-977.5293025894402
1772937525.5448773,-509.16668135379626
1772937525.5448854,-424.4153155982052
1772937525.5448935,-822.9613917664941
1772937525.5449035,-1126.9805520423183
1772937525.5449123,-916.5905901286249
1772937525.5449207,-507.2713536644615
1772937525.5449288,-478.39005162100125
1772937525.544937,-854.7879734922741
1772937525.5449452,-1095.076439121889
1772937525.5449536,-869.3567370279562
1772937525.5449617,-511.15959746954707
1772937525.54497,-526.5856917103837
1772937525.544978,-881.0397845584922
1772937525.544986,-1066.824828059461
1772937525.544994,-829.2375226365577
1772937525.5450027,-514.3990597821046
1772937525.5450113,-565.7123827761635
1772937525.5450196,-900.4552510518388
1772937525.5450275,-1041.6950190380358
1772937525.5450358,-797.6383758330941
1772937525.545044,-521.7151293771807
1772937525.5450523,-601.8673834609082
1772937525.5450604,-915.9262769939397
1772937525.5450685,-1016.5739536872119
1772937525.5450764,-767.1292710426231
1772937525.5450847,-525.5211038465288
1772937525.5450928,-630.0449414568393
1772937525.5451007,-925.0653020570373
1772937525.545109,-990.9024245539982
1772937525.5451171,-739.1426228824166
1772937525.5451252,-529.8191364329533
1772937525.5451336,-656.3234847867712
1772937525.5451424,-934.4407272392366
1772937525.5451508,-970.4616449326
1772937525.545159,-718.4053201376901
1772937525.5451672,-538.0745709528446
1772937525.5451753,-681.7374886008661
1772937525.5451832,-941.2306379922456
1772937525.5451913,-948.7439658894842
1772937525.5451996,-697.2007446755963
1772937525.5452075,-544.6586675556875
1772937525.5452156,-704.6496878418395
1772937525.5452237,-947.4736795029563
1772937525.545232,-929.8375600443759
1772937525.5452404,-679.9823593118324
1772937525.5452487,-553.1279479232776
1772937525.5452569,-726.8770153707226
1772937525.545265,-953.067489890485
1772937525.5452733,-912.5230645617773
1772937525.5452812,-665.8059616855643
1772937525.5452893,-563.6564764508195
1772937525.5452976,-749.1964095781884
1772937525.5453055,-957.961012627262
1772937525.5453167,-894.8419104706239
1772937525.5453248,-650.8773999758616
1772937525.545333,-571.5497091061757
1772937525.545341,-767.076852207955
1772937525.5453491,-958.7076649023873
1772937525.5453575,-875.4137495765086
1772937525.5453653,-636.8844864501809
1772937525.5453734,-581.9671841789246
1772937525.545382,-788.3179205901093
1772937525.5453904,-963.7556206949371
1772937525.5453987,-860.9748838349407
1772937525.5454068,-626.986621021802
1772937525.5454147,-593.5878479363839
1772937525.5454228,-807.3283393426702
1772937525.5454307,-964.6084367138762
1772937525.5454388,-842.4307605254
1772937525.5454469,-614.0363825192406
1772937525.5454547,-603.0247027452349
1772937525.5454628,-824.9608607545407
1772937525.5454707,-965.61421098807
1772937525.5454793,-826.1337868596746
1772937525.5454876,-604.4609520617495
1772937525.5454955,-614.5719275752999
1772937526.0247517,35.91813015822793
1772937526.0247993,58.24967994586771
1772937526.0248256,1.194265952598329
1772937526.024852,-56.48637492022014
1772937526.0248792,-35.3485884567671
1772937526.0249076,35.24782747444542
1772937526.0249443,57.65485337089344
1772937526.0249753,0.7236501242524682
1772937526.025005,-57.02964715544407
1772937526.0250335,-35.71898104008424
1772937526.0250587,35.34377853726395
1772937526.0250683,57.70885783425867
1772937526.0250776,-0.1881299867090165
1772937526.0250857,-58.76129164455709
1772937526.0250995,-36.70022796462599
1772937526.0251093,36.3015697631893
1772937526.0251176,59.661174827716664
1772937526.0251257,0.6446678639449529
1772937526.0251338,-59.61168655400444
1772937526.025142,-37.506310242669194
1772937526.02515,37.03837019633514
1772937526.0251577,60.85029792524236
1772937526.0251663,-0.02803242750693937
1772937526.0251744,-62.227370773541054
1772937526.0251825,-39.363875236193444
1772937526.0251904,37.835018336848115
1772937526.0251994,62.54798899691744
1772937526.0252085,-0.5081234493649619
1772937526.025218,-64.55897742588722
1772937526.0252266,-39.47441455281465
1772937526.0252347,42.4644681903221
1772937526.025243,68.84657568868654
1772937526.0252512,2.0373975803711
1772937526.0252595,-66.73346944576645
1772937526.0252676,-41.660332041048825
1772937526.0252757,44.222377730937175
1772937526.0252836,72.23868221486744
1772937526.0252917,1.7234167319258855
1772937526.0253,-71.28110594775322
1772937526.025308,-44.75218936081784
1772937526.0253189,46.883143967366486
1772937526.0253348,77.21871345440226
1772937526.025348,2.104047886609753
1772937526.0253632,-76.311110515474
1772937526.0253775,-48.386899237603586
1772937526.0253868,49.6391097731024
1772937526.0253954,81.97873769532418
1772937526.0254037,0.6355544200796404
1772937526.025416,-84.25124128916325
1772937526.0254285,-53.60131350240167
1772937526.0254416,53.60581316020163
1772937526.0254543,89.2686989211347
1772937526.0254624,0.2384562365854854
1772937526.0254705,-93.25434645771983
1772937526.0254786,-59.8545751933597
1772937526.0254877,58.52162388843592
1772937526.0254965,98.53999078835808
1772937526.0255046,0.4182230869621744
1772937526.025515,-103.26453506020124
1772937526.0255284,-65.96670824705679
1772937526.0255394,66.54569950114234
1772937526.0255513,111.58455009938075
1772937526.0255637,0.9297669457271368
1772937526.0255773,-116.95199616837147
1772937526.025586,-75.6590143033823
1772937526.025594,74.69078713575902
1772937526.025602,126.7347857883334
1772937526.02561,0.8675394660133752
1772937526.0256183,-134.7678415229069
1772937526.0256262,-88.44862780777505
1772937526.0256343,84.43769159178204
1772937526.0256422,145.1504256303601
1772937526.0256517,-0.24343780146888502
1772937526.02566,-157.68154046685615
1772937526.0256684,-102.4006465521118
1772937526.0256763,102.47556396085305
1772937526.0256844,175.3237838053224
1772937526.0256925,2.0753471972510837
1772937526.0257006,-188.18871468902117
1772937526.0257084,-124.24703002336362
1772937526.0257168,122.62538534857475
1772937526.0257244,213.0711107362604
1772937526.0257328,3.829756751038448
1772937526.0257409,-229.97392199165935
1772937526.0257492,-153.3870531771576
1772937526.0257576,151.84688593718846
1772937526.025766,265.9482090494623
1772937526.025774,3.9596683971404834
1772937526.025782,-293.3748936374011
1772937526.02579,-197.84149981502264
1772937526.0257983,195.33545291620342
1772937526.0258064,347.3537881651517
1772937526.0258143,7.5074147530427195
1772937526.0258224,-387.60430907073135
1772937526.0258305,-265.41383884833067
1772937526.0258386,263.9081893797591
1772937526.0258467,477.3612338476021
1772937526.0258548,13.974137625016088
1772937526.0258627,-542.0876309838701
1772937526.0258708,-378.7063804946019
1772937526.025879,380.88914631824105
1772937526.0258875,704.8299572816386
1772937526.025896,26.125596795364416
1772937526.025904,-827.2598828274749
1772937526.025912,-599.1044708154858
1772937526.0259202,599.0951162456878
1772937526.0259285,1158.5585152165124
1772937526.0259366,58.39001234443312
1772937526.0259447,-1439.040293718658
1772937526.0259528,-1107.8994356694275
1772937526.0259607,1103.4062768171855
1772937526.0259688,2315.7602447879904
1772937526.025977,187.73861682795751
1772937526.0259855,-3227.095968465955
1772937526.025994,-2854.337631915126
1772937526.026002,2849.5721184189697
1772937526.0260098,7539.3546598985085
1772937526.026018,1670.6563134596245
1772937526.026026,-16639.274055334932
1772937526.026034,-36152.2229526996
1772937526.505702,-1.5533602217548306
1772937526.5057464,-1.5421788539835177
1772937526.5057733,-1.5003673202050438
1772937526.5057995,-1.5654949857145006
1772937526.5058262,-1.6867128777013596
1772937526.5058527,-1.7130561566859293
1772937526.5058794,-1.6058129362889142
1772937526.505906,-1.5108321673113427
1772937526.5059328,-1.5932705719603288
1772937526.50596,-1.8233694190661094
1772937526.5059972,-1.9693613101408989
1772937526.506014,-1.8231405752861958
1772937526.5060225,-1.4234552575937771
1772937526.5060308,-1.0431424245998733
1772937526.506039,-0.9552365235276341
1772937526.5060472,-1.2058342916310385
1772937526.5060556,-1.5896892150026367
1772937526.506064,-1.8217364351785172
1772937526.506072,-1.747071845527155
1772937526.5060802,-1.4415365992888074
1772937526.5060885,-1.1540487379280986
1772937526.5060966,-1.1311131676316097
1772937526.506106,-1.426387350182527
1772937526.5061157,-1.8340066469995666
1772937526.5061238,-2.0340380183731455
1772937526.5061324,-1.8683773027308481
1772937526.5061407,-1.5018376491080447
1772937526.506149,-1.276323511991914
1772937526.506157,-1.3587125091097774
1772937526.5061655,-1.534336321423879
1772937526.5061736,-1.3955712165050718
1772937526.5061817,-0.7702288385019234
1772937526.5061898,0.04725067539454051
1772937526.506198,0.5198959946584708
1772937526.5062063,0.3340697579914457
1772937526.5062144,-0.3551897040453503
1772937526.5062225,-1.1129713097144054
1772937526.5062304,-1.6061938239561528
1772937526.5062385,-1.7888331822335717
1772937526.5062475,-1.7887422113910048
1772937526.50627,-1.7317431112697663
1772937526.5062785,-1.723906534593315
1772937526.5062864,-1.9207282011495153
1772937526.5062952,-2.46739168408374
1772937526.5063035,-3.300352895944637
1772937526.506312,-4.067230300241624
1772937526.5063198,-4.353484649477278
1772937526.5063276,-4.040399121242177
1772937526.5063355,-3.4144664025850533
1772937526.5063436,-2.8943573004618006
1772937526.5063517,-2.6675300193239746
1772937526.50636,-2.6179876023013113
1772937526.506369,-2.5670445049710433
1772937526.5063772,-2.4859637625969575
1772937526.5063853,-2.4221229015233314
1772937526.5063934,-2.2905205626299505
1772937526.5064013,-1.8797057336174483
1772937526.5064096,-1.135067736079278
1772937526.5064173,-0.3724547608296448
1772937526.5064259,-0.08721915944086879
1772937526.506435,-0.48885118248934145
1772937526.5064435,-1.2563243439718315
1772937526.5064518,-1.808494689951833
1772937526.5064604,-1.824285464207133
1772937526.506469,-1.475247136800187
1772937526.506477,-1.1613039365352944
1772937526.5064855,-1.0802531764714725
1772937526.5064933,-1.0976931230976053
1772937526.5065024,-0.9994208197192207
1772937526.5065112,-0.7842806511826734
1772937526.5065196,-0.6668931933251235
1772937526.5065277,-0.8321990543570139
1772937526.506536,-1.246393647578803
1772937526.506544,-1.7095016619571939
1772937526.506552,-2.04146000710612
1772937526.50656,-2.1892898728403214
1772937526.5065684,-2.1933788713103373
1772937526.5065768,-2.112039322680707
1772937526.5065897,-1.9893995754271045
1772937526.5066023,-1.8505512881449253
1772937526.506616,-1.6927367300036682
1772937526.506625,-1.5015036169824079
1772937526.5066335,-1.3107500657586713
1772937526.5066416,-1.2303528021930812
1772937526.5066504,-1.3527011879758548
1772937526.5066583,-1.6046813493961758
1772937526.506667,-1.747349133028545
1772937526.5066757,-1.6037765232190264
1772937526.506684,-1.2984378159761016
1772937526.506692,-1.1962272426173015
1772937526.5067003,-1.532384007194932
1772937526.5067081,-2.1164190476318487
1772937526.5067165,-2.4762895113557097
1772937526.5067244,-2.3330582971168132
1772937526.5067325,-1.8933965314970225
1772937526.5067403,-1.6218580254997164
1772937526.5067484,-1.7412264941001365
1772937526.5067573,-2.025040258742973
1772937526.5067656,-2.105864826974028
1772937526.506774,-1.9216016930336042
1772937526.506782,-1.7727129441701146
1772937526.5067906,-1.9346618145475445
1772937526.5067987,-2.289655817170518
1772937526.506807,-2.4013660221021613
1772937526.5068157,-1.9377638883454158
1772937526.5068235,-0.9826554910000155
1772937526.506832,0.044816669527814955
1772937526.5068405,0.7074687891490951
1772937526.5068526,0.7865400152184518
1772937526.5068657,0.32992389260112076
1772937526.50688,-0.38636856181163226
1772937526.5068927,-0.9411250878489594
1772937526.5069053,-0.9789595079529699
1772937526.5069172,-0.5125899922816503
1772937526.5069315,-0.022094737395933636
1772937526.5069442,-0.10234613397501914
1772937526.5069575,-0.873925738308058
1772937526.506966,-1.750535363448012
1772937526.5069745,-1.8965194509315328
1772937526.5069823,-0.9857655253312307
1772937526.9851656,-0.74398283210515
1772937526.9852085,-1.184415141723764
1772937526.985237,-1.7126645959981013
1772937526.985265,-1.920613863681931
1772937526.9852934,-1.6309481565596915
1772937526.985322,-1.090749662395908
1772937526.9853575,-0.7540270391726368
1772937526.9853916,-0.8433802543826076
1772937526.9854352,-1.1188220545153171
1772937526.9854634,-1.1104211735227343
1772937526.985492,-0.611180759830651
1772937526.9855013,0.07579995437513966
1772937526.98551,0.428015935577114
1772937526.985519,0.2542247483944386
1772937526.985528,-0.09549004755062433
1772937526.9855366,-0.1236992117005705
1772937526.9855456,0.23491004590308728
1772937526.9855545,0.5182463003713813
1772937526.9855664,0.2685255881834679
1772937526.9855816,-0.4050599493830539
1772937526.9855945,-0.9009018950447875
1772937526.9856074,-0.7788474272986566
1772937526.9856205,-0.2490509844067127
1772937526.985634,0.06437958238337194
1772937526.9856486,-0.20402302370596978
1772937526.985669,-0.8328067192145099
1772937526.9856827,-1.356473541178968
1772937526.9856925,-1.5887951835408012
1772937526.985703,-1.6748127675768185
1772937526.9857173,-1.6847948300977478
1772937526.9857287,-1.3700593511987753
1772937526.9857416,-0.4611796083903743
1772937526.9857545,0.8674424456698511
1772937526.9857671,2.0089584216765672
1772937526.9857767,2.467998945750417
1772937526.9857876,2.3140343218997876
1772937526.9857998,2.027739017957089
1772937526.9858148,1.9677651431438488
1772937526.9858265,2.1003964314300245
1772937526.985838,2.220499388816061
1772937526.9858513,2.2520968465094624
1772937526.985865,2.211191715924332
1772937526.985901,1.990224636278379
1772937526.985913,1.4176909640710014
1772937526.9859264,0.6085233719070982
1772937526.9859383,0.07677122148717555
1772937526.9859505,0.2790995354672597
1772937526.985962,1.0364524545401026
1772937526.985974,1.5939539695453315
1772937526.985986,1.3867049115470216
1772937526.9859967,0.6733294411370861
1772937526.9860091,0.2620959731467797
1772937526.9860215,0.6039130602696775
1772937526.986034,1.299863952860244
1772937526.986046,1.5884012179259333
1772937526.9860568,1.2092047079458592
1772937526.9860675,0.6203679102639448
1772937526.9860783,0.37153340183591155
1772937526.9860897,0.45510836211377514
1772937526.986101,0.41451251321156246
1772937526.9861116,-0.002585607996884619
1772937526.9861221,-0.5111974111816193
1772937526.9861329,-0.6675239471633874
1772937526.9861436,-0.4228210894084033
1772937526.9861555,-0.13608323140518322
1772937526.9861667,-0.07134507092693573
1772937526.9861777,-0.06052110732118659
1772937526.986188,0.24943781435178808
1772937526.986199,0.9240827017613712
1772937526.9862092,1.6606644391675034
1772937526.98622,2.1626124113518084
1772937526.9862309,2.4465777699044717
1772937526.9862416,2.702421840931597
1772937526.9862523,2.951801941384495
1772937526.9862628,2.995733673151756
1772937526.9862735,2.707579773345735
1772937526.9862847,2.2427771217007875
1772937526.9862957,1.86207349040797
1772937526.9863064,1.6068884988652297
1772937526.9863172,1.2727779585135066
1772937526.986328,0.7251659800643749
1772937526.9863384,0.14298674429164726
1772937526.986349,-0.1294676745036254
1772937526.98636,0.06118097244300452
1772937526.9863703,0.5391703641485284
1772937526.986381,1.001837958360151
1772937526.9863918,1.275682472826143
1772937526.9864025,1.3509035632905892
1772937526.9864132,1.2632076812462865
1772937526.986424,1.054741497013825
1772937526.9864347,0.8370908789437689
1772937526.9864454,0.7671416808823024
1772937526.9864562,0.8808554832030465
1772937526.986468,1.0092438368331533
1772937526.9864793,0.9652542788471223
1772937526.98649,0.8210735667825766
1772937526.9865005,0.8991006180689755
1772937526.9865112,1.4120454465662955
1772937526.9865217,2.1540412261811883
1772937526.9865324,2.6430101857580306
1772937526.9865427,2.5924182489276673
1772937526.9865537,2.183474220013145
1772937526.986564,1.8371128482094536
1772937526.986575,1.7723149782538838
1772937526.9865851,1.856932823359275
1772937526.9865963,1.8613289540842521
1772937526.9866073,1.7426730311565746
1772937526.9866178,1.6185983572561717
1772937526.9866283,1.5390450271152947
1772937526.9866428,1.4142000310398077
1772937526.986657,1.196755867301856
1772937526.9866693,1.0355966789460238
1772937526.986678,1.1453447884319206
1772937526.9866867,1.5295322797170163
1772937526.9866953,1.915615589557301
1772937526.986704,2.006382115075928
1772937526.9867127,1.7564480391381414
1772937526.9867213,1.3574226792783974
1772937526.98673,0.9819397151121884
1772937526.9867387,0.6177304234147334
1772937527.467686,-0.25723146463204055
1772937527.4677312,-0.5356022857649021
1772937527.467759,-1.0338787371344915
1772937527.4677813,-1.3865411968430463
1772937527.4678004,-1.4044618077528517
1772937527.46782,-1.2007412786538914
1772937527.4678397,-0.9088368782802609
1772937527.4678593,-0.45242303735872674
1772937527.4678788,0.2807246947445301
1772937527.4678988,1.107715252601877
1772937527.4679084,1.569597972950513
1772937527.4679177,1.3641918742366888
1772937527.4679263,0.6913229225221801
1772937527.4679348,0.07262925286555401
1772937527.4679444,-0.16746318553877654
1772937527.4679542,-0.17390871523129112
1772937527.4679627,-0.31115526381115344
1772937527.4679713,-0.7240367911754901
1772937527.46798,-1.2060242894306186
1772937527.4679887,-1.4544540832525092
1772937527.4679976,-1.3630337981892284
1772937527.4680068,-1.0528983629177524
1772937527.4680157,-0.7077626476325174
1772937527.4680245,-0.45234848656869636
1772937527.4680333,-0.34820786586780766
1772937527.468042,-0.39833903143112115
1772937527.4680507,-0.5123016284724065
1772937527.4680593,-0.528664482955509
1772937527.468068,-0.3427184138615471
1772937527.4680767,-0.0035633022352345735
1772937527.468086,0.3626326860647746
1772937527.4680953,0.7132643703388224
1772937527.4681113,1.0999683037229733
1772937527.468125,1.4937395098150499
1772937527.4681392,1.6869165963115436
1772937527.468153,1.484681505772895
1772937527.4681628,1.0001813620600264
1772937527.4681716,0.6473652392950418
1772937527.4681802,0.7490759942559461
1772937527.4681888,1.1886772880437515
1772937527.468197,1.5500455509076205
1772937527.468206,1.6150506226496302
1772937527.4682145,1.6156222420045676
1772937527.468224,1.9056960808455852
1772937527.468233,2.445014004465752
1772937527.4682422,2.7631665312434843
1772937527.4682508,2.505326461884789
1772937527.4682596,1.919249002610377
1772937527.4682682,1.658799670567541
1772937527.4682767,2.075197317717719
1772937527.4682856,2.7941862797933306
1772937527.468304,3.07117559864462
1772937527.4683127,2.53685233103689
1772937527.468321,1.5304279599880302
1772937527.46833,0.7196995577902664
1772937527.4683387,0.4866510865333996
1772937527.46835,0.7125276842552664
1772937527.4683638,1.046399505494094
1772937527.4683783,1.2287077065921759
1772937527.4683914,1.1426947619727827
1772937527.4684057,0.7194148137816587
1772937527.468419,-0.027700661268483147
1772937527.468428,-0.8668945333603087
1772937527.4684365,-1.397935535697999
1772937527.4684448,-1.3723340233710242
1772937527.468454,-0.9609085071500246
1772937527.4684625,-0.6160744053529709
1772937527.4684713,-0.6293656244419764
1772937527.4684796,-0.8701919934303568
1772937527.468488,-1.002275476688637
1772937527.4684968,-0.9126686615459771
1772937527.4685051,-0.8353689979374035
1772937527.4685144,-1.0213119813676381
1772937527.4685235,-1.355476968714463
1772937527.4685323,-1.3931447808530308
1772937527.468541,-0.8029821408869632
1772937527.4685495,0.26106151927261706
1772937527.4685583,1.2565621835208978
1772937527.468567,1.7093615643476905
1772937527.4685757,1.5693231066939115
1772937527.468584,1.1578369820473602
1772937527.4685924,0.830390324437551
1772937527.4686012,0.7085374944874945
1772937527.4686096,0.6864758607047697
1772937527.4686182,0.6247848012805598
1772937527.4686267,0.5163319294096506
1772937527.4686356,0.499787803111847
1772937527.4686441,0.7416714907651427
1772937527.4686527,1.2798395011829402
1772937527.468662,1.930326772038393
1772937527.468671,2.3428016228439503
1772937527.46868,2.2187150293067255
1772937527.4686885,1.5665462822602123
1772937527.4686973,0.7700412235830764
1772937527.4687057,0.3421178582419514
1772937527.4687145,0.5136592199884069
1772937527.468723,1.0138949564661635
1772937527.4687319,1.2854718146498885
1772937527.4687405,0.9885649523211414
1772937527.4687493,0.34253030634836185
1772937527.4687579,-0.039757996950833104
1772937527.4687667,0.29173594372837114
1772937527.4687755,1.1813515437250923
1772937527.4687843,1.9652694522278629
1772937527.4687932,2.041869639744615
1772937527.4688015,1.3990334263211057
1772937527.46881,0.615150843020863
1772937527.468819,0.33921639315889673
1772937527.4688275,0.7326622013149157
1772937527.468836,1.3690394073546122
1772937527.4688454,1.6421792503351036
1772937527.4688604,1.2743753633461292
1772937527.4688747,0.4755976163560693
1772937527.4688892,-0.32029070028814693
1772937527.4689007,-0.8284982952448611
1772937527.4689093,-1.049553022132473
1772937527.468918,-1.1195822471613244
1772937527.4689264,-1.1048481839980167
1772937527.468936,-0.9622091184225203
1772937527.4689448,-0.6592813133020208
1772937527.4689531,-0.28034795388921263
1772937527.5193696,0.0040666064499415315
1772937527.519431,0.060127835100957386
1772937527.519443,-0.11749166585798594
1772937527.5194538,-0.40778262269056176
1772937527.519465,-0.6340768215510846
1772937527.5194752,-0.6606893645663395
1772937527.5194888,-0.4916209744320764
1772937527.5194995,-0.32331993666994435
1772937527.519509,-0.4667824927965155
1772937527.5195234,-1.1177948738843688
1772937528.0765812,1.4835064499666222
1772937528.076619,1.7309991719153064
1772937528.076645,1.5252840855053005
1772937528.0766716,1.2314413333090617
1772937528.076698,1.0869643328463794
1772937528.0767245,1.0357493484009759
1772937528.0767512,0.91326605799604
1772937528.076778,0.7118903566956755
1772937528.0768049,0.5935700037011827
1772937528.0768316,0.653182445443833
1772937528.0768585,0.7528487048037547
1772937528.0768802,0.6633346336359868
1772937528.0768888,0.36639466386768893
1772937528.0768971,0.15049089886973752
1772937528.0769055,0.34504600834765853
1772937528.0769138,0.9531160192906596
1772937528.0769277,1.5860941354093443
1772937528.076938,1.8006677752954272
1772937528.0769467,1.5096423883450931
1772937528.0769548,1.0499635756352104
1772937528.0769627,0.8422686643979869
1772937528.0769713,0.9931339908926707
1772937528.0769794,1.2346804381392043
1772937528.076988,1.232452362919599
1772937528.0769966,0.9193613757244388
1772937528.077005,0.5220372561338694
1772937528.077013,0.30026811419254845
1772937528.0770211,0.31415199264815175
1772937528.0770307,0.453573571776115
1772937528.0770407,0.6353447755945647
1772937528.0770488,0.8951523286755921
1772937528.0770571,1.2722687059494961
1772937528.077066,1.6710307057241072
1772937528.077074,1.91452955705837
1772937528.0770824,1.9417837347534141
1772937528.0770907,1.8856492243203775
1772937528.077099,1.900300468164292
1772937528.0771074,1.9360821330394788
1772937528.0771155,1.7592431837564784
1772937528.0771236,1.2256009631237443
1772937528.077132,0.485347430989308
1772937528.07714,-0.1434763044268311
1772937528.0771484,-0.4876574016235147
1772937528.0771568,-0.6269804224586378
1772937528.0771651,-0.6624663448097128
1772937528.077174,-0.46555764926955706
1772937528.07719,0.2114957372119752
1772937528.077198,1.3459072998598454
1772937528.077206,2.4749254842679105
1772937528.077214,3.04590874113219
1772937528.0772223,2.949657414479795
1772937528.0772305,2.61285708078032
1772937528.0772388,2.5023802773382036
1772937528.077247,2.604808878335837
1772937528.077255,2.5057433307790746
1772937528.077263,1.9759658213720326
1772937528.077271,1.3282428551579162
1772937528.077279,1.0612620785146378
1772937528.077288,1.1969652811158316
1772937528.077296,1.1567761346547345
1772937528.077304,0.41585799069280155
1772937528.0773122,-0.7945583035678098
1772937528.0773203,-1.6105477972489357
1772937528.0773284,-1.433611615613548
1772937528.0773365,-0.6164597170928607
1772937528.077345,-0.1310230318410881
1772937528.0773532,-0.5485566808740017
1772937528.077361,-1.4494253065498235
1772937528.0773697,-1.903792649559928
1772937528.0773776,-1.4714169818768628
1772937528.077386,-0.6232480988724395
1772937528.077394,-0.17825073337619426
1772937528.077402,-0.44054818656307404
1772937528.0774105,-0.9763950975485429
1772937528.0774193,-1.1776430477199575
1772937528.077428,-0.8980407687724486
1772937528.0774362,-0.47915033625652503
1772937528.0774443,-0.2577123440572606
1772937528.077453,-0.19977852869747703
1772937528.077461,-0.04829412821736143
1772937528.077469,0.28462542330829677
1772937528.0774772,0.588288139262005
1772937528.0774856,0.6028390832380053
1772937528.0774937,0.2976624533475972
1772937528.0775015,-0.14643767536230506
1772937528.0775096,-0.5651323170775101
1772937528.077518,-0.9244667750799166
1772937528.0775268,-1.2058003422874435
1772937528.077535,-1.281628800886776
1772937528.0775433,-1.009495391142488
1772937528.0775511,-0.4548539647732713
1772937528.0775595,0.05740483750860028
1772937528.077567,0.18351503138683517
1772937528.0775757,-0.13795666805003895
1772937528.0775836,-0.6449030581133727
1772937528.0775917,-1.0082313110438725
1772937528.0775998,-1.1074409881713956
1772937528.077608,-1.057443126358579
1772937528.077616,-1.0156784466353626
1772937528.077624,-1.018674895061473
1772937528.0776324,-1.0077366393142795
1772937528.0776403,-0.9561289422234747
1772937528.0776484,-0.9167345248479276
1772937528.0776572,-0.9524440404554085
1772937528.0776656,-1.0738340109150808
1772937528.077674,-1.2754950298865193
1772937528.077682,-1.5962949991897357
1772937528.07769,-2.072930321668645
1772937528.0776985,-2.604906346281715
1772937528.0777063,-2.913587456840065
1772937528.0777144,-2.7205921056769853
1772937528.0777228,-2.019667723028276
1772937528.077731,-1.1600757836597875
1772937528.0777388,-0.6107178383007511
1772937528.077747,-0.5976774501424345
1772937528.0777557,-0.9526457168855379
1772937528.077764,-1.3059463717354967
1772937528.0777724,-1.4187995064708199
1772937528.0777807,-1.3362193185961506
1772937528.077789,-1.2587541552043253
1772937528.5561557,-0.3274271766646131
1772937528.5562105,0.1948601810323364
1772937528.5562413,0.13406895865400179
1772937528.5562696,-0.5314416369002645
1772937528.556298,-1.2834153796555068
1772937528.5563293,-1.6236087521465625
1772937528.5563571,-1.5816981398592789
1772937528.556389,-1.582123773928408
1772937528.556415,-1.8624837561617391
1772937528.5564418,-2.1654327041513195
1772937528.5564632,-2.0623076078251232
1772937528.5564716,-1.491725501236248
1772937528.556485,-0.8670251607675227
1772937528.5564947,-0.6523532789606209
1772937528.5565033,-0.9119118065539342
1772937528.5565116,-1.296993646084079
1772937528.5565205,-1.398575075895526
1772937528.5565283,-1.0536613216499187
1772937528.556537,-0.37209252741730586
1772937528.5565453,0.4065286999087907
1772937528.5565531,1.0447451275907234
1772937528.5565617,1.4000878804611971
1772937528.5565696,1.5013454757077707
1772937528.5565777,1.5261587025922687
1772937528.556588,1.6076798789361928
1772937528.5565972,1.621071273325509
1772937528.556605,1.2314460961323321
1772937528.5566134,0.24444439030938028
1772937528.556622,-1.0855482798037728
1772937528.5566304,-2.1610630065346323
1772937528.5566387,-2.4993659677272544
1772937528.5566468,-2.087776317291851
1772937528.5566552,-1.3098460620188181
1772937528.5566633,-0.5973180416216755
1772937528.5566716,-0.1999921128248589
1772937528.5566795,-0.2116223930199132
1772937528.5566883,-0.643436209111865
1772937528.5566964,-1.367104922414821
1772937528.5567045,-2.057014562047318
1772937528.5567129,-2.352673946938159
1772937528.5567207,-2.167681439422856
1772937528.5567296,-1.800894696774665
1772937528.5567381,-1.6721818234792263
1772937528.5567465,-1.9348456669691787
1772937528.5567546,-2.364534950629882
1772937528.5567627,-2.6049794358473046
1772937528.5567706,-2.4757023792904937
1772937528.5567787,-2.0585176925078414
1772937528.5567868,-1.5833857757811811
1772937528.556795,-1.2957706568186964
1772937528.5568027,-1.365038160322826
1772937528.5568109,-1.780742300934471
1772937528.5568187,-2.2946645466101425
1772937528.5568275,-2.572332068977413
1772937528.5568364,-2.5196063538474753
1772937528.5568445,-2.434790978981862
1772937528.5568523,-2.710575020607705
1772937528.5568607,-3.3366000315502453
1772937528.5568688,-3.8009918078092566
1772937528.556877,-3.603221593477591
1772937528.556885,-2.8338024177995886
1772937528.556893,-2.1047264505377354
1772937528.5569012,-1.8512582207142092
1772937528.5569124,-1.8230330968876203
1772937528.556926,-1.4113873153130772
1772937528.5569372,-0.45414820099954173
1772937528.556946,0.4594711655315517
1772937528.5569544,0.5909399523210489
1772937528.5569634,-0.12262260427637546
1772937528.556972,-0.9784259959300496
1772937528.556981,-1.235177605651707
1772937528.5569904,-0.802925899857166
1772937528.5569992,-0.16843872402205723
1772937528.5570078,0.2158429614792213
1772937528.5570164,0.2974779565349665
1772937528.5570252,0.22742747946990619
1772937528.557034,0.044490584183253364
1772937528.5570426,-0.27860130830812907
1772937528.5570512,-0.584759662143965
1772937528.55706,-0.5778005917608307
1772937528.5570686,-0.2081202848107248
1772937528.5570776,0.1417543332498085
1772937528.5570865,0.03682458520419527
1772937528.5570955,-0.46842541816550354
1772937528.557104,-0.838098480117329
1772937528.5571127,-0.6770163818351485
1772937528.5571215,-0.2214482191865287
1772937528.5571337,-0.06513032598986547
1772937528.557142,-0.43460775379756456
1772937528.5571513,-0.9109297767440578
1772937528.55716,-0.9466104171660397
1772937528.557169,-0.5305422676624219
1772937528.5571775,-0.176812916020716
1772937528.5571864,-0.2747645046715145
1772937528.5571952,-0.6314172227316233
1772937528.557204,-0.7648015950208907
1772937528.5572128,-0.5447668393743483
1772937528.5572217,-0.3597619385372133
1772937528.5572305,-0.6132314852975375
1772937528.55724,-1.1920642752488797
1772937528.557249,-1.5541531417347554
1772937528.5572577,-1.3051476425928297
1772937528.5572665,-0.5798583584057295
1772937528.557275,0.15370421454899436
1772937528.5572839,0.5601855012520618
1772937528.5572925,0.6506973513809553
1772937528.5573013,0.6305300837039618
1772937528.55731,0.6730052959216355
1772937528.5573184,0.8440535825093518
1772937528.5573275,1.1087530494364046
1772937528.557336,1.3139491346782377
1772937528.557345,1.241381606328303
1772937528.557354,0.8343922897925202
1772937528.5573628,0.4059652684765698
1772937528.5573716,0.48324971223635227
1772937528.5573807,1.2926495278654262
1772937528.5573893,2.3950938650084237
1772937528.5573978,2.955688005856984
1772937528.5574067,2.476903963819186
1772937528.5574152,1.2662315543755487
1772937529.0340283,0.9608918556510078
1772937529.0340643,0.36352194515404856
1772937529.0340836,0.06041493266533348
1772937529.0341,0.13443226758472168
1772937529.0341167,0.42374815071358446
1772937529.0341363,0.5687750615987098
1772937529.0341525,0.32988514469846825
1772937529.0341694,-0.10798622731819353
1772937529.0341897,-0.24667217322518264
1772937529.0342088,0.2148014050459565
1772937529.034217,1.0008880346511282
1772937529.034222,1.4776165143985154
1772937529.0342271,1.2806875501247728
1772937529.0342324,0.672449059289771
1772937529.0342376,0.23138503440640615
1772937529.0342429,0.2342135129732851
1772937529.0342479,0.42710825452874907
1772937529.034253,0.405713640391019
1772937529.034258,0.11650515950215959
1772937529.034263,-0.10807683521894387
1772937529.0342686,0.019109781301582415
1772937529.034274,0.3848620547928664
1772937529.0342793,0.6111879057931733
1772937529.0342844,0.501221362369796
1772937529.0342894,0.2745316066842361
1772937529.0342944,0.33921079633882445
1772937529.0342996,0.8619896505152468
1772937529.0343049,1.5811504799625353
1772937529.0343099,2.0252919579500306
1772937529.0343149,1.9093164779227532
1772937529.0343199,1.3547474362359926
1772937529.034325,0.7698394661372215
1772937529.0343297,0.5115542094574415
1772937529.034335,0.6145872686960385
1772937529.0343397,0.811546052358312
1772937529.034345,0.8204941370664354
1772937529.0343497,0.6255225282674157
1772937529.0343552,0.46837736055771834
1772937529.0343604,0.5638188644318434
1772937529.0343652,0.8640562765962152
1772937529.0343704,1.151150779298507
1772937529.0343752,1.337559487752748
1772937529.0343804,1.5761565036873433
1772937529.0343854,2.0094897957595372
1772937529.0343904,2.4784036440377837
1772937529.0343957,2.6195685208363817
1772937529.0344007,2.301303021945389
1772937529.034406,1.8589404212690104
1772937529.0344112,1.7716923740848436
1772937529.0344164,2.119092623986756
1772937529.0344217,2.486292442816561
1772937529.0344267,2.4656987175859024
1772937529.034432,2.1416758318967166
1772937529.0344372,1.9398826054807397
1772937529.034442,2.0366749572150447
1772937529.034447,2.121504401714983
1772937529.034452,1.8625035908538907
1772937529.0344567,1.4657474646009
1772937529.034462,1.5157141150325402
1772937529.034467,2.1961011308068694
1772937529.034472,2.8872705111238406
1772937529.0344772,2.7886455852672336
1772937529.034482,1.9340582032576399
1772937529.034487,1.3436927287680474
1772937529.034492,1.9791952251730114
1772937529.0344973,3.617442235440228
1772937529.0345025,4.964502296015583
1772937529.0345075,4.9598080250325705
1772937529.0345123,3.850620500630884
1772937529.0345173,2.866404973693611
1772937529.0345223,2.8992656990578825
1772937529.0345273,3.66015794463002
1772937529.0345323,4.149883963947338
1772937529.0345373,3.783992288648625
1772937529.034542,2.8934464034738543
1772937529.034547,2.179438262940941
1772937529.034552,1.8968247436374122
1772937529.034557,1.7021017223084842
1772937529.034562,1.2066718096038593
1772937529.034567,0.4903737569409955
1772937529.0345721,0.006258965962700131
1772937529.0345771,0.0753140250047186
1772937529.0345824,0.5738919169218482
1772937529.0345871,1.0973963165632856
1772937529.0345924,1.3453885632021552
1772937529.0345976,1.3262472516489474
1772937529.0346026,1.2566703889284327
1772937529.034608,1.3290726787545868
1772937529.034613,1.563817559739058
1772937529.034618,1.825897738632529
1772937529.034623,1.950227468667459
1772937529.034628,1.8600713594457143
1772937529.0346332,1.5834203600360945
1772937529.0346384,1.1745498715729659
1772937529.0346434,0.6612143610649307
1772937529.034649,0.11072849989501987
1772937529.034654,-0.28062450629400326
1772937529.0346591,-0.2798135165030369
1772937529.0346644,0.1043510829863547
1772937529.0346696,0.4810774619070706
1772937529.034675,0.3797939074669739
1772937529.0346797,-0.20495686469996652
1772937529.034685,-0.6548280880393296
1772937529.03469,-0.2909176880657079
1772937529.034695,0.8427010490234176
1772937529.0347,1.8774025235819822
1772937529.0347047,1.9409763759147696
1772937529.03471,1.0644269395478732
1772937529.034715,0.13721764076961904
1772937529.03472,-0.09058045514431297
1772937529.034725,0.16317649533923248
1772937529.0347297,0.02591552320093473
1772937529.0347347,-0.9204134677043235
1772937529.0347395,-2.0324399207497197
1772937529.0347445,-2.238920997351706
1772937529.03475,-1.220658229844475
1772937529.0347548,0.18450790836527717
1772937529.03476,0.7866500389825881
1772937529.0347652,0.16363302225545948
1772937529.03477,-1.0560552279348376
1772937529.5082593,-1.019359689408846
1772937529.5083025,-1.3765331525676037
1772937529.5083284,-1.7095058139628223
1772937529.5083551,-1.7685929061282704
1772937529.508383,-1.4874125727323815
1772937529.5084083,-1.202641474766216
1772937529.5084348,-1.3032193875158242
1772937529.5084617,-1.6853050395042597
1772937529.5084884,-1.7739283276695228
1772937529.5085192,-1.1935661276421747
1772937529.5085428,-0.28018930604906733
1772937529.508556,0.24874231333275998
1772937529.5085642,0.10115104789226394
1772937529.5085723,-0.29313481141683806
1772937529.5085807,-0.3444076561793614
1772937529.5085886,0.010725591234320177
1772937529.5085976,0.3514358121469044
1772937529.5086067,0.4141184561181709
1772937529.5086148,0.4359979247990058
1772937529.508623,0.7543272362445338
1772937529.5086308,1.2488692928841585
1772937529.508639,1.4275284113589184
1772937529.5086477,1.0657428520889047
1772937529.5086558,0.5350723894685663
1772937529.508664,0.3561010963414467
1772937529.508672,0.5534030579203315
1772937529.50868,0.6662340835178463
1772937529.508688,0.39487174856744184
1772937529.508696,0.008210146554658196
1772937529.508704,-0.04274239859533873
1772937529.508712,0.2141324017264393
1772937529.50872,0.24650244807715366
1772937529.5087283,-0.2949447179470878
1772937529.508737,-1.0604155264912993
1772937529.508746,-1.352309587142756
1772937529.5087576,-0.9313528971764373
1772937529.5087657,-0.2770635082417701
1772937529.508774,0.005450124366835865
1772937529.508782,-0.1285418686765068
1772937529.5087905,-0.2214472024730683
1772937529.5087984,0.02397953883791337
1772937529.508807,0.3609759743401368
1772937529.5088148,0.3606383951487851
1772937529.508823,0.00497401303648553
1772937529.5088308,-0.26621267527504733
1772937529.5088391,-0.08854169900864213
1772937529.5088477,0.41560051795522723
1772937529.5088558,0.8419671042330119
1772937529.5088637,1.0036850335481775
1772937529.5088716,1.065704102272252
1772937529.5088797,1.1888529617554686
1772937529.5088875,1.2080399430852646
1772937529.5088956,0.792385665223243
1772937529.5089035,-0.11406652342553912
1772937529.508912,-1.1240432338370818
1772937529.5089197,-1.7052869635573678
1772937529.5089276,-1.5894645375952619
1772937529.5089355,-0.8834277947091537
1772937529.508943,0.10962680472037539
1772937529.5089512,1.0687853180925286
1772937529.5089595,1.703419452620774
1772937529.5089676,1.804965071941774
1772937529.508976,1.387791232578072
1772937529.508984,0.7529419673391896
1772937529.5089924,0.29308763341566485
1772937529.5090003,0.1670425005081672
1772937529.5090084,0.19084891343391325
1772937529.5090168,0.08123997311288403
1772937529.5090249,-0.21992741702886176
1772937529.5090327,-0.5020043001373076
1772937529.5090408,-0.5441252503564241
1772937529.5090487,-0.35562033481008065
1772937529.509057,-0.1402126812812834
1772937529.509065,-0.07272179526887623
1772937529.5090733,-0.16383708136163444
1772937529.5090818,-0.3288130463947914
1772937529.5090897,-0.5246846395869763
1772937529.5090976,-0.7853666913953368
1772937529.5091057,-1.1453546437664786
1772937529.5091136,-1.5603264910348502
1772937529.509122,-1.8985260149036998
1772937529.5091295,-1.9986623683019034
1772937529.5091376,-1.7662275893396235
1772937529.5091455,-1.2665948342256566
1772937529.5091538,-0.7305112314182495
1772937529.5091617,-0.4071166162845273
1772937529.5091698,-0.35097237784590835
1772937529.5091777,-0.3643549036840729
1772937529.5091858,-0.20743241424259698
1772937529.5091937,0.11502368755350983
1772937529.5092013,0.32204421527246335
1772937529.50921,0.15618233074809984
1772937529.5092182,-0.3032488064472907
1772937529.5092263,-0.6791504039391056
1772937529.5092344,-0.6611480787493788
1772937529.5092423,-0.29484595174736433
1772937529.5092504,0.1066396933042629
1772937529.5092585,0.2894981629904646
1772937529.5092661,0.24653606960237176
1772937529.5092745,0.11467881246837647
1772937529.5092824,-0.010082332710041214
1772937529.5092905,-0.10445440399892823
1772937529.5092983,-0.13691825192445617
1772937529.5093064,-0.06922829931665683
1772937529.509315,0.039378451299056795
1772937529.509323,0.01697179932504605
1772937529.5093307,-0.2522879473133477
1772937529.509339,-0.6646040092084617
1772937529.5093477,-0.9731361657146614
1772937529.5093553,-1.0402146685415596
1772937529.5093632,-0.955688297273891
1772937529.5093713,-0.8785223626500894
1772937529.509379,-0.8278186430370894
1772937529.5093868,-0.7099533238962021
1772937529.5093951,-0.5243637727744145
1772937529.5094032,-0.42200940169540174
1772937529.509411,-0.49551517483162305
1772937529.9805796,0.23995210662709884
1772937529.980618,0.04732480874429803
1772937529.9806497,-0.31816979147668917
1772937529.9806879,-0.5321880307393434
1772937529.9807186,-0.5163586998600045
1772937529.9807458,-0.5336681281343084
1772937529.980772,-0.7972185540856297
1772937529.9807987,-1.1114872657197423
1772937529.9808254,-1.0628091005195048
1772937529.9808435,-0.562309331654147
1772937529.980854,-0.044113302062791036
1772937529.9808652,-0.015503456537880028
1772937529.980878,-0.46949481297631007
1772937529.9808905,-0.868846524559087
1772937529.980901,-0.731458557433141
1772937529.980913,-0.13572551188484103
1772937529.9809244,0.41154041071603104
1772937529.980935,0.534934105963445
1772937529.980945,0.31647379425474953
1772937529.9809556,0.08565849288222885
1772937529.9809656,0.016792865698114157
1772937529.980976,0.013723209568213974
1772937529.9809864,-0.07624401605682159
1772937529.9809966,-0.26034522797192033
1772937529.9810064,-0.4383797465055257
1772937529.9810169,-0.556613704749034
1772937529.9810276,-0.6547291795701797
1772937529.9810383,-0.7891690891927544
1772937529.9810493,-0.9697734121714591
1772937529.9810593,-1.1590892863604318
1772937529.9810696,-1.2667027529880661
1772937529.98108,-1.1362714597664847
1772937529.9810915,-0.628049897476941
1772937529.9811025,0.20156947517194448
1772937529.9811127,1.0297369375223862
1772937529.9811232,1.4750509636669777
1772937529.9811332,1.4213328548655653
1772937529.9811435,1.0925515924453861
1772937529.9811535,0.7766043033707701
1772937529.981164,0.5361286296525072
1772937529.9811745,0.2697084291284066
1772937529.9811845,0.01617850509543598
1772937529.9811947,0.04151770633805717
1772937529.9812055,0.522407558884545
1772937529.9812164,1.216505405729906
1772937529.9812272,1.6038695300279766
1772937529.9812372,1.4122072495783933
1772937529.9812477,0.9191937588640737
1772937529.981258,0.6580217554370936
1772937529.9812684,0.8693341427005321
1772937529.9812784,1.3293341037743247
1772937529.98129,1.6829043665525452
1772937529.981301,1.7967846175053561
1772937529.981311,1.7183408664930753
1772937529.9813218,1.428960936095735
1772937529.9813323,0.8482065122018909
1772937529.9813423,0.1074591632265587
1772937529.9813528,-0.3759506880532792
1772937529.981363,-0.2775544422505304
1772937529.9813733,0.2211930286256575
1772937529.981387,0.5724444741463592
1772937529.981408,0.4728519872264632
1772937529.981419,0.20355081904265487
1772937529.9814303,0.2364756897720174
1772937529.9814413,0.5806259372088822
1772937529.9816628,0.7203634343762968
1772937529.981674,0.2670272643610689
1772937529.9816852,-0.4895286243746686
1772937529.9816964,-0.855138850548002
1772937529.981707,-0.5216483976339389
1772937529.981718,0.09660126360901304
1772937529.9817543,0.37757129031291903
1772937529.9817653,0.18862025104358268
1772937529.9817767,-0.08799799044635251
1772937529.9819703,-0.14794213513729262
1772937529.9819818,-0.13929397347565248
1772937529.9819927,-0.3421604706747846
1772937529.982004,-0.6577836795522853
1772937529.982015,-0.6716194470813869
1772937529.9820259,-0.24477576963378772
1772937529.9820373,0.18060081480450743
1772937529.9820957,0.037500153944163346
1772937529.982108,-0.6887598029871933
1772937529.98212,-1.431771094982403
1772937529.982131,-1.7105325376665927
1772937529.982142,-1.6407193995908838
1772937529.9821527,-1.6593221046829267
1772937529.9821637,-1.8768574652689118
1772937529.9821749,-1.9497522497036446
1772937529.982186,-1.6381317747454236
1772937529.9821987,-1.2586847240916796
1772937529.98221,-1.3545657534217532
1772937529.9822216,-1.9611254266868254
1772937529.9822323,-2.445413310857905
1772937529.9822435,-2.2085313626335945
1772937529.9822545,-1.423097717218888
1772937529.982266,-0.8827112920337209
1772937529.982277,-1.117743128965274
1772937529.9823072,-1.8280254705131438
1772937529.9823182,-2.2769927914536363
1772937529.9823291,-2.117679219190086
1772937529.9823406,-1.6544308790329103
1772937529.9824824,-1.3165800795179925
1772937529.9824944,-1.0963217701554424
1772937529.9825056,-0.6607740027860137
1772937529.9825165,0.07849527845194249
1772937529.9825308,0.7323351044120227
1772937529.9825432,0.8525399853877272
1772937529.9825544,0.46099341065715754
1772937529.9825652,0.024965953732482206
1772937529.9825766,-0.06762351709501455
1772937529.9825876,0.12181683470501645
1772937529.9825988,0.26822281451907365
1772937529.9826095,0.21054684345587202
1772937529.9826207,0.06655071958701979
1772937529.982632,-0.03939493453615535
1772937529.982643,-0.1954423024684499
1772937529.982654,-0.5469980543387302
1772937529.9826949,-0.9914939955298259
1772937529.9827068,-1.1746596294417422
1772937530.460963,-0.9543289392628257
1772937530.4610114,-0.30265233702190447
1772937530.461038,0.08417016208800875
1772937530.461064,-0.049299220354900884
1772937530.4610984,-0.4717765475198613
1772937530.4611287,-0.7300535893383788
1772937530.461141,-0.5840822987175938
1772937530.4611776,-0.18915464317568875
1772937530.4612145,0.08242749433050836
1772937530.4612434,-0.03699143364903949
1772937530.4612737,-0.5113095784345816
1772937530.461302,-1.037137724450706
1772937530.461324,-1.2632429431656997
1772937530.461337,-1.0352020178708765
1772937530.461351,-0.48408400241826044
1772937530.4613647,0.10952043871379863
1772937530.461378,0.5353463588436014
1772937530.4613888,0.7273049379258886
1772937530.4613993,0.648219099862112
1772937530.4614096,0.20875520484555263
1772937530.4614196,-0.585748215211571
1772937530.46143,-1.4196898750036941
1772937530.4614408,-1.7543929083446523
1772937530.4614527,-1.2853943424418686
1772937530.4614651,-0.3183071004847673
1772937530.461478,0.4268977172626212
1772937530.4614863,0.4637371692392943
1772937530.4614947,-0.04269352476403049
1772937530.4615054,-0.5468540846740972
1772937530.4615197,-0.7460751715038062
1772937530.4615312,-0.820073483742031
1772937530.461542,-1.0571910909131184
1772937530.4615548,-1.4074293409527319
1772937530.4615638,-1.5494316150702925
1772937530.4615755,-1.3426372123760615
1772937530.4615867,-1.0205068931097985
1772937530.4615977,-0.8521911084998879
1772937530.4616084,-0.7438067442431788
1772937530.4616196,-0.34368759747485866
1772937530.4616315,0.4780680620138994
1772937530.4616444,1.434454320068256
1772937530.4616563,2.187566572271102
1772937530.4616644,2.7649189132731373
1772937530.4616728,3.418628184730844
1772937530.461681,4.092373571961941
1772937530.4616892,4.264528231195666
1772937530.461697,3.498232668694693
1772937530.4617052,2.068999093024895
1772937530.4617133,0.8385896278673151
1772937530.4617212,0.43665091935416195
1772937530.4617293,0.6851103596407203
1772937530.4617372,0.9183912118052144
1772937530.4617455,0.7594854546083237
1772937530.4617536,0.4036877286227363
1772937530.461762,0.16350848509757326
1772937530.4617703,-0.014836513833761614
1772937530.4617784,-0.39694439704384366
1772937530.4617884,-0.9394914158250847
1772937530.4617977,-1.2056048966821553
1772937530.4618058,-0.9112046020373775
1772937530.461814,-0.3822041202637212
1772937530.4618225,-0.251109829415903
1772937530.4618306,-0.7149124366203697
1772937530.4618385,-1.2977644556552383
1772937530.4618473,-1.4479244776078162
1772937530.4618556,-1.2177328945400523
1772937530.461864,-1.1470022889034348
1772937530.461872,-1.4930259096858505
1772937530.4618807,-1.8133021890798606
1772937530.4618893,-1.4800162418350447
1772937530.4618976,-0.5122325069996753
1772937530.4619057,0.3303033163870942
1772937530.461914,0.36476918214359877
1772937530.461922,-0.22945434250432026
1772937530.46193,-0.5803073210248398
1772937530.4619384,-0.0562770911778955
1772937530.4619467,1.0812640975708983
1772937530.4619548,1.976176858729116
1772937530.4619627,2.020355138570492
1772937530.4619713,1.3287364016487686
1772937530.4619792,0.4654693725293247
1772937530.4619875,-0.1375243759933346
1772937530.461996,-0.44103411241832485
1772937530.462004,-0.6032810751957229
1772937530.4620125,-0.6794664341468435
1772937530.4620209,-0.5520352245147763
1772937530.46203,-0.09141638702776936
1772937530.4620385,0.6675707586477589
1772937530.4620466,1.495277418074684
1772937530.4620547,2.093435742713322
1772937530.4620628,2.2890133205647567
1772937530.4620712,2.1607325859540456
1772937530.4620795,1.978968522768521
1772937530.4620876,1.9735281986197324
1772937530.4620955,2.129075933497749
1772937530.4621036,2.223914141071957
1772937530.462112,2.084158096318695
1772937530.46212,1.7723611362145109
1772937530.4621284,1.4962244425541966
1772937530.462137,1.3613902054899354
1772937530.4621453,1.2822478924155438
1772937530.4621534,1.1509817360360999
1772937530.4621615,1.0218830883136294
1772937530.4621696,1.053282572690622
1772937530.4621875,1.2840240437161383
1772937530.4621959,1.5491290918582528
1772937530.462204,1.649949136697988
1772937530.462212,1.5543031733835864
1772937530.46222,1.3827300508111904
1772937530.462228,1.2492318718445945
1772937530.462236,1.207524141247921
1772937530.462244,1.3436438435981066
1772937530.462252,1.782661286435702
1772937530.46226,2.4884305103808684
1772937530.462268,3.1084029266070083
1772937530.4622765,3.1795104306998683
1772937530.4622848,2.5727600469248184
1772937530.462293,1.6633421028997586
1772937530.4623008,0.9619841261462702
1772937530.462309,0.6003578881795304
1772937530.9412048,0.3994626883335701
1772937530.9412456,0.22938593426598697
1772937530.9412725,0.05917299732537032
1772937530.941299,0.2361999855327724
1772937530.941326,0.6972774174355612
1772937530.9413528,1.0124971885778038
1772937530.9413795,0.9564079022826714
1772937530.9414062,0.8119704648020455
1772937530.9414327,0.9674078812368255
1772937530.9414587,1.3395895331799978
1772937530.9414856,1.425171105106339
1772937530.941512,0.9527031746282708
1772937530.941525,0.2829803777068719
1772937530.941533,0.007381699761425495
1772937530.9415412,0.2497001100194674
1772937530.9415493,0.5805338735239537
1772937530.9415574,0.6453954978362567
1772937530.9415658,0.6499923427295778
1772937530.941574,1.0273967875112837
1772937530.941582,1.718440929279126
1772937530.9415903,2.063182077769157
1772937530.9415984,1.541506175644204
1772937530.9416068,0.472915556592784
1772937530.9416149,-0.23566426542386204
1772937530.9416249,-0.052959415113743885
1772937530.941634,0.6243808208186815
1772937530.941642,0.9566718357059508
1772937530.9416504,0.573545772426401
1772937530.9416585,-0.14007442680751955
1772937530.9416664,-0.6068205246256714
1772937530.9416745,-0.6898078662691872
1772937530.9416823,-0.6638155658751705
1772937530.9416907,-0.7058193569666547
1772937530.9416986,-0.6411322876701394
1772937530.9417067,-0.24129552295238688
1772937530.941715,0.3845708493217597
1772937530.941723,0.8394027160061364
1772937530.9417315,0.8491736443843426
1772937530.941739,0.5163409005725693
1772937530.9417472,0.1596000363847731
1772937530.9417553,0.007428817811763424
1772937530.9417636,0.09614172170835679
1772937530.941772,0.3598790578230592
1772937530.94178,0.6776442301188876
1772937530.941788,0.842283294700066
1772937530.941796,0.6463146704292929
1772937530.941804,0.12091027127716007
1772937530.941812,-0.3648644437045651
1772937530.9418201,-0.38846701497306646
1772937530.9418283,0.0836772005750467
1772937530.9418364,0.6059427686521841
1772937530.9418447,0.6801113025608215
1772937530.9418523,0.257046512762242
1772937530.9418628,-0.24240975889720426
1772937530.941872,-0.4010880855823895
1772937530.94188,-0.23771697451749516
1772937530.941888,-0.14565555424756713
1772937530.941896,-0.4565682411374811
1772937530.9419043,-1.112301684702745
1772937530.9419127,-1.7295885236743742
1772937530.9419208,-1.9144376320744092
1772937530.9419289,-1.5232309754463762
1772937530.941937,-0.7270203405657076
1772937530.9419453,0.0920731037452537
1772937530.9419537,0.5534210262296023
1772937530.941962,0.5185072564790388
1772937530.9419706,0.1912884068118505
1772937530.9419787,-0.06277912517137946
1772937530.9419868,-0.06143246848016037
1772937530.9419956,0.03490365727147252
1772937530.9420035,-0.05580087416325318
1772937530.942012,-0.38132107287303213
1772937530.94202,-0.69894309134326
1772937530.942028,-0.7966522961178814
1772937530.942036,-0.782216329271846
1772937530.942044,-0.9525036003212382
1772937530.9420524,-1.3940555425402064
1772937530.9420605,-1.8315990865356158
1772937530.9420683,-1.9359896755136032
1772937530.9420764,-1.7067499636025325
1772937530.9420846,-1.4419854928145242
1772937530.942093,-1.3471701783278178
1772937530.9421017,-1.3061685307018576
1772937530.9421103,-1.1120555067210245
1772937530.9421186,-0.8283705132700805
1772937530.9421265,-0.7637168486607813
1772937530.942135,-1.0562186301730438
1772937530.9421432,-1.4040679374343492
1772937530.9421515,-1.3244459741129047
1772937530.94216,-0.6656293601171976
1772937530.942168,0.2188577029334139
1772937530.942176,0.8114229871783329
1772937530.942184,0.8723378991014656
1772937530.942192,0.5300494816968316
1772937530.9422004,0.05038961527963761
1772937530.9422088,-0.35959147554707466
1772937530.942217,-0.5578277988202739
1772937530.9422252,-0.4626955901488608
1772937530.942233,-0.16688132773717826
1772937530.9422412,0.017813684636001085
1772937530.9422495,-0.19924003016413905
1772937530.9422576,-0.7381933308263686
1772937530.9422655,-1.134229419382946
1772937530.9422736,-0.9808636567762988
1772937530.9422815,-0.3785190286328919
1772937530.9422898,0.13908266292192614
1772937530.9422982,0.14271046639139576
1772937530.9423065,-0.29030949971143116
1772937530.9423146,-0.7311471974168409
1772937530.9423227,-0.8675643181224457
1772937530.9423308,-0.7251756512732459
1772937530.9423394,-0.4674950975196872
1772937530.9423475,-0.1328571461474491
1772937530.9423556,0.33828286207010533
1772937530.9423635,0.8926414000014199
1772937530.9423718,1.3237951155500487
1772937530.9423797,1.4773638691329756
1772937530.9423892,1.4101758614329938
1772937530.942398,1.283525811654953
1772937530.9424064,1.153684896298333
1772937531.039218,0.9531079348292131
1772937531.0392544,0.6581318702614671
1772937531.039264,0.36617986793504564
1772937531.039276,0.16131773472246108
1772937531.0392923,-0.010414661893980905
1772937531.03931,-0.2340918272011228
1772937531.0393257,-0.42853640429624557
1772937531.0393527,-0.38111703899571564
1772937531.0393662,-0.02460336507604035
1772937531.0393791,0.41857915939259227
1772937531.0393937,0.668405366674795
1772937531.0394068,0.7162092959475882
1772937531.0394201,0.7882319563342765
1772937531.0394347,0.9587112797825675
1772937531.0394511,0.9492041149788009
1772937531.039467,0.45784027854654585
1772937531.0394816,-0.3618338318159682
1772937531.0394962,-0.9387079829865526
1772937531.039511,-0.8914318025823027
1772937531.0395246,-0.490973298849936
1772937531.0395389,-0.37293738981117147
1772937531.0395525,-0.8055788822898755
1772937531.039565,-1.3858820603797306
1772937531.5109534,-1.5820857624615796
1772937531.5109909,-1.3731954016877763
1772937531.5110235,-0.7539570468450915
1772937531.511054,-0.06554448463346264
1772937531.5110805,0.47867907403823523
1772937531.5111072,0.8390298114066366
1772937531.5111349,0.9990516304208045
1772937531.5111616,0.9189745533993774
1772937531.511188,0.6577914175728963
1772937531.5112145,0.4284007000314554
1772937531.5112414,0.4309239997790623
1772937531.511268,0.6442511688490729
1772937531.5112765,0.8506025869968558
1772937531.5112848,0.8740822472014582
1772937531.5113008,0.7388800717912594
1772937531.511309,0.5780510650188833
1772937531.5113168,0.4650630182272967
1772937531.5113251,0.41132034380956395
1772937531.5113332,0.4830606539932655
1772937531.5113416,0.7813719598493704
1772937531.5113497,1.2367956775047286
1772937531.5113578,1.514479695473399
1772937531.511366,1.2732314443789
1772937531.5113745,0.5597485705594539
1772937531.5113823,-0.14940366420819373
1772937531.5113904,-0.39104378721200156
1772937531.5114,-0.1782223393129601
1772937531.5114093,0.060339686786240465
1772937531.5114176,0.005585752177169923
1772937531.511426,-0.18734528522042407
1772937531.5114439,-0.1262952432004169
1772937531.511452,0.27325649684647135
1772937531.5114603,0.6164376435796705
1772937531.511469,0.463222984647924
1772937531.5114768,-0.13896734550694817
1772937531.5114849,-0.6647530610111742
1772937531.5114927,-0.6689317423107374
1772937531.511501,-0.2614314971161266
1772937531.511509,0.02980295467922582
1772937531.5115173,-0.16029606028818558
1772937531.5115252,-0.6515454555081991
1772937531.5115333,-0.9219853600203068
1772937531.5115411,-0.643308235542447
1772937531.5115492,0.01407165985180174
1772937531.5115576,0.5723148689894981
1772937531.5115652,0.6891088750474335
1772937531.5115733,0.4155109584180614
1772937531.5115812,0.07593827245174899
1772937531.5115893,-0.056136451864685286
1772937531.5115972,0.02860123840084964
1772937531.5116053,0.1356159205519365
1772937531.5116136,0.099230779514039
1772937531.5116217,-0.05454531238782977
1772937531.5116303,-0.16864733721692862
1772937531.5116382,-0.1595110684295061
1772937531.5116482,-0.13020028837735156
1772937531.5116577,-0.24902306158227164
1772937531.5116656,-0.5163863354057944
1772937531.5116737,-0.6942525073294955
1772937531.5116816,-0.5140078014945753
1772937531.5116897,0.03606403022606145
1772937531.511698,0.651295097322732
1772937531.511706,0.9490700621222791
1772937531.5117145,0.762471207651046
1772937531.5117223,0.21966616769127423
1772937531.5117304,-0.39880936533262346
1772937531.5117385,-0.8272441058089626
1772937531.5117471,-0.8878394960454247
1772937531.5117557,-0.5364185629223598
1772937531.5117636,0.06305453355098535
1772937531.5117717,0.5536269242005306
1772937531.5117795,0.6176942492356505
1772937531.511788,0.2808205314031356
1772937531.5117962,-0.06568719915546106
1772937531.511804,-0.044296723974790495
1772937531.511812,0.29251575238118654
1772937531.51182,0.5031528277588386
1772937531.511828,0.26391123609221295
1772937531.511836,-0.22040157032423777
1772937531.511844,-0.40141798525055017
1772937531.5118518,0.017135271493029507
1772937531.51186,0.7553208518453606
1772937531.5118675,1.2730876688658017
1772937531.5118756,1.3354352865086168
1772937531.5118845,1.1592545219058645
1772937531.5118923,1.0165880572479413
1772937531.5119004,0.8422905801754338
1772937531.5119083,0.35595229345769314
1772937531.5119169,-0.47517092398686883
1772937531.5119247,-1.254740291137466
1772937531.511933,-1.5287355129051519
1772937531.5119412,-1.2831347399346427
1772937531.5119493,-0.9743020058446643
1772937531.5119572,-1.0543511144552662
1772937531.5119653,-1.5322246507063755
1772937531.5119731,-2.0286577555911673
1772937531.511983,-2.19747698403787
1772937531.5119913,-2.0243398021232575
1772937531.5119991,-1.7431847393458209
1772937531.5120072,-1.5600329029892086
1772937531.512015,-1.5025060694286922
1772937531.5120232,-1.4775276913530309
1772937531.5120308,-1.3982860591624466
1772937531.5120387,-1.2609447000796568
1772937531.512047,-1.1573394349623052
1772937531.512055,-1.2158264412094932
1772937531.5120633,-1.453312629127702
1772937531.5120711,-1.6402995370589237
1772937531.5120792,-1.389978137126994
1772937531.5120876,-0.5149173124287095
1772937531.5120957,0.6667883728795281
1772937531.5121036,1.4796502865392194
1772937531.512112,1.4598768103090178
1772937531.51212,0.7889912374203544
1772937531.5121286,0.10174265781659039
1772937531.5121367,-0.1453150322490409
1772937531.5121448,-0.04821837737651271
1772937531.512153,0.017452804156348974
1772937531.5121608,-0.07122060855397763
1772937531.5121684,-0.06951076780104033
1772937531.9904656,-0.11512416504822648
1772937531.990507,-0.31387483862944293
1772937531.9905329,-0.34018756775111264
1772937531.990559,-0.18105500185485068
1772937531.990586,0.2227609574916389
1772937531.9906125,0.8060350486446924
1772937531.990639,1.2368153655104484
1772937531.990666,1.1187500442604725
1772937531.9906924,0.4170075380954406
1772937531.9907188,-0.3905168856369094
1772937531.9907458,-0.7022160509298168
1772937531.9907725,-0.3627916351700243
1772937531.9907808,0.1987348038999394
1772937531.9907887,0.4139696944790758
1772937531.9907973,0.11129870147241001
1772937531.9908056,-0.41105443332219443
1772937531.990814,-0.7686888385910513
1772937531.9908223,-0.8440458314565012
1772937531.9908302,-0.766084284552367
1772937531.9908383,-0.6766335945347061
1772937531.9908464,-0.6342034304951895
1772937531.9908545,-0.7030660837186119
1772937531.9908645,-0.9719032529319596
1772937531.9908788,-1.3870912547353682
1772937531.990892,-1.646719019953297
1772937531.9909043,-1.4170819242182748
1772937531.990918,-0.7127821322534621
1772937531.9909265,0.019698531696089618
1772937531.9909344,0.29283583228202786
1772937531.9909427,0.04919344636487881
1772937531.9909506,-0.3197083429301165
1772937531.9909587,-0.42678841533106976
1772937531.990967,-0.28084250357996954
1772937531.9909751,-0.17462752879205243
1772937531.9909835,-0.25712333031154533
1772937531.990992,-0.355732306916442
1772937531.9910004,-0.26834960329710716
1772937531.9910088,-0.11880908125278643
1772937531.9910169,-0.2672612408906997
1772937531.9910247,-0.8363294086735283
1772937531.9910328,-1.4441056185359913
1772937531.9910407,-1.538839016570072
1772937531.9910488,-1.0097840550207315
1772937531.991057,-0.3710361424288202
1772937531.9910653,-0.26335478047038985
1772937531.991073,-0.7949982526262945
1772937531.991081,-1.444454695559448
1772937531.991089,-1.6301865807718385
1772937531.9910967,-1.3149629111217986
1772937531.9911048,-0.9890640546570456
1772937531.9911132,-1.0818063844188874
1772937531.9911227,-1.4785360824753366
1772937531.9911332,-1.6731016416264775
1772937531.9911416,-1.3551888021055691
1772937531.99115,-0.7557042017120013
1772937531.991158,-0.3754945421249362
1772937531.991166,-0.4338717331179048
1772937531.991174,-0.6742093118822767
1772937531.9911823,-0.7256126366092522
1772937531.991194,-0.5683190743479534
1772937531.9912024,-0.5465334572107236
1772937531.9912105,-0.9263121016896034
1772937531.9912183,-1.5439198334248276
1772937531.9912271,-1.9780649850951226
1772937531.991236,-2.0422349848915515
1772937531.9912446,-1.9996362781215684
1772937531.9912524,-2.2346184882617326
1772937531.9912605,-2.7745014110108914
1772937531.9912684,-3.239336535161573
1772937531.9912765,-3.2745963020719975
1772937531.9912894,-2.9344118297278157
1772937531.9913,-2.559678165528682
1772937531.9913108,-2.3387917561956866
1772937531.991321,-2.132668905999003
1772937531.991332,-1.7821522715418032
1772937531.991343,-1.459313926156198
1772937531.9913542,-1.5390061179042898
1772937531.991366,-2.098505567896274
1772937531.991377,-2.6965920336447025
1772937531.9913888,-2.793677994079283
1772937531.9914005,-2.360679009135165
1772937531.9914117,-1.9196369970491631
1772937531.9914224,-1.9143652408137775
1772937531.991433,-2.156553400829429
1772937531.991444,-2.0539642862156504
1772937531.9914544,-1.385243400715944
1772937531.991466,-0.6743957366853512
1772937531.9914773,-0.6483618880432448
1772937531.9914887,-1.3624112078304975
1772937531.9914992,-2.0258652951603846
1772937531.9915116,-1.7851393691520532
1772937531.9915245,-1.8230954511778754
1772937531.991536,-1.8190012184798388
1772937531.9915483,-2.003547556630525
1772937531.9915602,-2.410139312977764
1772937531.991572,-2.7894144103140555
1772937531.9915848,-2.8182225827977536
1772937531.991598,-2.378499710811359
1772937531.9916115,-1.6878265775770893
1772937531.9916234,-1.169467660211018
1772937531.9916348,-1.1335161534729628
1772937531.9916468,-1.5125528375771178
1772937531.9916582,-1.9016098512469328
1772937531.9916704,-1.908815067358442
1772937531.9916816,-1.5067080134223496
1772937531.9916925,-1.0309077695730076
1772937531.991704,-0.8178207582048574
1772937531.991716,-0.8656076835739402
1772937531.9917276,-0.8830636999309143
1772937531.9917414,-0.6505256791368785
1772937531.991754,-0.26517238377828917
1772937531.991766,-0.006254309944445254
1772937531.991778,-0.027456322763026265
1772937531.9917915,-0.26462590953373843
1772937531.9918048,-0.6156643337192155
1772937531.9918172,-1.0652717340066884
1772937531.9918303,-1.5307862514957402
1772937531.9918427,-1.6716291803993155
1772937531.9918554,-1.0681314630093444
1772937531.991868,0.2767187783268851
1772937532.471266,-1.9897077113540598
1772937532.4713135,-1.566719688256995
1772937532.4713402,-1.1202714869261217
1772937532.471367,-1.1757881606087315
1772937532.4713933,-1.603624402797385
1772937532.47142,-1.8067292002825603
1772937532.4714465,-1.4440503320852325
1772937532.4714727,-0.7966904914361219
1772937532.4714992,-0.3924801472000682
1772937532.471526,-0.4208231400807448
1772937532.4715528,-0.6330398681390593
1772937532.4715793,-0.7305252722895248
1772937532.4715877,-0.6703957071545913
1772937532.471596,-0.5595311519476457
1772937532.471604,-0.4137616597978066
1772937532.4716122,-0.16696827104299747
1772937532.4716206,0.1420679314421616
1772937532.471629,0.3621936614675731
1772937532.4716384,0.4494308154649714
1772937532.4716475,0.5557541561938876
1772937532.4716558,0.7856248047067131
1772937532.471664,0.9474689268370872
1772937532.4716723,0.7257149562032742
1772937532.4716804,0.13157590623533896
1772937532.4716885,-0.38261233508020703
1772937532.4716964,-0.4034945704133811
1772937532.4717047,-0.08443685526022568
1772937532.4717133,-0.009140886800179033
1772937532.4717212,-0.47585216331451946
1772937532.4717293,-1.0664791969800438
1772937532.4717376,-1.076669612317236
1772937532.471746,-0.3251426119138872
1772937532.471754,0.6325393366788484
1772937532.4717622,1.1360691237489373
1772937532.4717703,1.112900436945357
1772937532.471778,1.011304521157037
1772937532.471786,1.140669895642466
1772937532.471794,1.3056719449782859
1772937532.471802,1.169336884448316
1772937532.47181,0.7979905027876695
1772937532.4718184,0.6325928032669854
1772937532.4718263,0.9330117546695851
1772937532.4718344,1.448902727035503
1772937532.4718423,1.7449763524628514
1772937532.4718504,1.7236744011580234
1772937532.4718585,1.6534682174304014
1772937532.4718668,1.7200365592618148
1772937532.4718764,1.7710092659543304
1772937532.4718857,1.6182773147093434
1772937532.471894,1.4327785658183878
1772937532.471902,1.592933598274752
1772937532.47191,2.112921369460314
1772937532.4719183,2.441984470678788
1772937532.4719267,2.025459106267946
1772937532.4719353,1.0095616763188504
1772937532.4719431,0.18790768103718972
1772937532.4719512,0.17249823281778823
1772937532.471959,0.7415109276065953
1772937532.4719672,1.1299649927391324
1772937532.4719758,0.8997805734901154
1772937532.4719841,0.35958696926290584
1772937532.4719925,0.10645516447331414
1772937532.4720032,0.3316743158773318
1772937532.472011,0.7303429184597942
1772937532.4720192,1.0097802961534919
1772937532.4720273,1.2517601108370744
1772937532.4720352,1.674368398139318
1772937532.4720433,2.1952045533004476
1772937532.4720511,2.449373971676403
1772937532.4720592,2.256939443970961
1772937532.472067,1.887687953070363
1772937532.4720752,1.7223366610767872
1772937532.472083,1.7279643055904839
1772937532.4720914,1.455704150602714
1772937532.4720995,0.6225611270467544
1772937532.4721076,-0.4262336697138136
1772937532.472116,-0.9773011624598953
1772937532.4721246,-0.6743251112913955
1772937532.4721327,0.11409226799629585
1772937532.4721408,0.6958146705690487
1772937532.472149,0.7598055023943263
1772937532.4721568,0.6086098148599866
1772937532.4721646,0.7175215766390566
1772937532.4721775,1.164505099442683
1772937532.4721897,1.5560123670136075
1772937532.4722023,1.477629901278519
1772937532.4722168,0.9436856528552214
1772937532.4722269,0.3806835752814434
1772937532.4722352,0.20499675610403972
1772937532.4722435,0.4496026781783927
1772937532.472252,0.7922778601133941
1772937532.47226,0.9112843230337264
1772937532.472268,0.789710061867977
1772937532.472276,0.67502069051786
1772937532.472284,0.7620473233289619
1772937532.4722924,0.9484685052959847
1772937532.4723003,0.9356871862350654
1772937532.4723086,0.578811138562915
1772937532.472317,0.1006045805632416
1772937532.4723248,-0.0959090101345148
1772937532.4723327,0.15502470831184928
1772937532.4723408,0.5871209363660459
1772937532.4723487,0.7638771707679088
1772937532.4723568,0.5251190522183772
1772937532.472365,0.13003375158617483
1772937532.472378,-0.05138333711228819
1772937532.472391,0.06193957946383199
1772937532.4724035,0.21149827318740064
1772937532.472417,0.10921462531196222
1772937532.472426,-0.2839598598247441
1772937532.472434,-0.8048907563806977
1772937532.4724422,-1.3234634687231426
1772937532.4724507,-1.8316619546075752
1772937532.4724588,-2.3079315604405597
1772937532.4724667,-2.600675866787589
1772937532.4724748,-2.523366463938382
1772937532.472483,-2.031518570886874
1772937532.4724915,-1.2347397335818937
1772937532.4725003,-0.2497556027198072
1772937532.4725084,0.857798604953774
1772937532.951763,-1.6357962199542093
1772937532.9517996,-1.5861809337149575
1772937532.9518223,-1.0458357667032965
1772937532.9518418,-0.5215648791074454
1772937532.9518616,-0.4280905927748139
1772937532.9518814,-0.6612188878033707
1772937532.951901,-0.8060338839832676
1772937532.9519205,-0.6599702491869566
1772937532.9519403,-0.4300665705493384
1772937532.9519603,-0.4253895684266656
1772937532.9519851,-0.674471470049838
1772937532.9519997,-0.9186842733176284
1772937532.9520137,-0.9275644544028396
1772937532.9520228,-0.7295671589540547
1772937532.952036,-0.5343787466092719
1772937532.9520464,-0.5119199474691115
1772937532.9520557,-0.6836560706507084
1772937532.9520645,-0.9582620207387234
1772937532.9520729,-1.1901997112704958
1772937532.9520817,-1.2310870400198204
1772937532.95209,-1.0362002769958767
1772937532.9520984,-0.7697219200643658
1772937532.9521072,-0.7200964073356564
1772937532.9521163,-0.9991799473686919
1772937532.9521253,-1.3313624007998655
1772937532.952134,-1.2579903298303785
1772937532.9521441,-0.6305305105411911
1772937532.952154,0.14958383376316778
1772937532.9521651,0.481713299013461
1772937532.952179,0.17248027119646844
1772937532.9521942,-0.3762779783569512
1772937532.9522033,-0.6169707200864403
1772937532.9522123,-0.4255271165399831
1772937532.9522257,-0.14930380136410776
1772937532.952234,-0.1343879795376188
1772937532.9522429,-0.34244752288781366
1772937532.9522517,-0.49848092282244705
1772937532.9522605,-0.5114788279504635
1772937532.9522693,-0.5871631516052733
1772937532.952278,-0.8980636062337974
1772937532.9522867,-1.2790427814286478
1772937532.9522953,-1.3787558203000831
1772937532.952304,-1.081507617510167
1772937532.9523137,-0.6444804230731507
1772937532.9523227,-0.36456927520182125
1772937532.9523315,-0.20993941044444522
1772937532.9523406,0.09648876719941177
1772937532.9523492,0.644808221829783
1772937532.952358,1.1244176416943406
1772937532.952367,1.127715821751502
1772937532.952376,0.6118293078714852
1772937532.9523847,-0.04700399585536036
1772937532.9523935,-0.46894382111728294
1772937532.9524024,-0.6497868527267919
1772937532.9524157,-0.868368688559386
1772937532.9524305,-1.278141299637769
1772937532.9524455,-1.6980478850001923
1772937532.952454,-1.8281192780342104
1772937532.952463,-1.587272802932051
1772937532.952472,-1.1671648718272796
1772937532.9524808,-0.7905794486745704
1772937532.9524896,-0.5103359138376361
1772937532.9524987,-0.2668274898287793
1772937532.9525073,-0.056822224628503136
1772937532.952516,0.04522426790474574
1772937532.9525247,0.021547157431915764
1772937532.9525335,-0.021042047871225465
1772937532.9525428,0.032957935857208895
1772937532.9525516,0.16103979260602488
1772937532.9525604,0.22596803922495354
1772937532.9525688,0.1354922158187652
1772937532.9525776,-0.07591655167975876
1772937532.9525876,-0.33437403700520757
1772937532.952597,-0.6286359590347245
1772937532.9526055,-0.9589297904933599
1772937532.952614,-1.207894272412048
1772937532.952623,-1.1623310355204195
1772937532.9526317,-0.7368628942950368
1772937532.95264,-0.15481372569137467
1772937532.9526489,0.170383663994421
1772937532.9526572,-0.016526827834570327
1772937532.9526658,-0.5824119082425457
1772937532.9526744,-1.1260173606610901
1772937532.952683,-1.3076010796840718
1772937532.952692,-1.057358737114988
1772937532.952701,-0.5215158954691299
1772937532.95271,0.10011822599792479
1772937532.9527185,0.6332264678614753
1772937532.9527273,0.9377246697854911
1772937532.9527354,0.9738346248426727
1772937532.952744,0.9059175046575048
1772937532.9527524,1.0517897564713035
1772937532.952761,1.600045708180849
1772937532.9527695,2.3406790176141588
1772937532.952778,2.757806813025408
1772937532.9527867,2.4932450050744372
1772937532.9527953,1.7411171594761548
1772937532.9528036,1.125425646428687
1772937532.9528124,1.1304621729282927
1772937532.9528208,1.6513369962817148
1772937532.9528294,2.1315467411132816
1772937532.9528384,2.137742992379147
1772937532.9528472,1.7670450650660674
1772937532.9528556,1.4911502694528003
1772937532.952864,1.6589179692596454
1772937532.9528725,2.2002715566851303
1772937532.952881,2.774515839468433
1772937532.9528897,3.0962190415703144
1772937532.952898,3.062428378681736
1772937532.9529066,2.657584135886504
1772937532.9529152,1.9075190670545854
1772937532.9529238,0.9977816722199107
1772937532.9529324,0.31947593159206655
1772937532.9529424,0.2093733131068064
1772937532.9529512,0.5798165551087611
1772937532.9529598,0.9164883044221401
1772937532.9529684,0.7814816153460976
1772937532.9529767,0.31840916566350125
1772937532.9529853,0.132607853582438
1772937532.952994,0.5882219498791967
1772937532.9530022,1.2970434706543155
1772937533.4326646,1.1577434108086184
1772937533.4327276,0.9120599538683754
1772937533.4327557,0.6702000290666633
1772937533.432794,0.9155415779134751
1772937533.4328246,1.587100703109127
1772937533.4328527,2.2201452897626113
1772937533.4328835,2.4899378134308923
1772937533.4329176,2.475611335945231
1772937533.4329548,2.402094602794715
1772937533.4329884,2.283480116199802
1772937533.4329991,1.9374049486414808
1772937533.433019,1.2938694160847057
1772937533.4330368,0.5507621906851282
1772937533.4330509,-0.01727321356944316
1772937533.4330604,-0.318142172225392
1772937533.4330733,-0.4434479295624412
1772937533.433087,-0.4695801345063268
1772937533.433097,-0.36520234225767134
1772937533.4331057,-0.10352098208663481
1772937533.4331143,0.2420235479906151
1772937533.4331274,0.5946207589146939
1772937533.433162,1.010363622713629
1772937533.4331825,1.5973230458456056
1772937533.4331915,2.27064368048997
1772937533.4332006,2.690282667057596
1772937533.4332097,2.5504416649276265
1772937533.4332185,1.925149275436671
1772937533.4332268,1.2402198342130537
1772937533.4332356,0.8614210350969989
1772937533.4332445,0.7581241239504791
1772937533.4332533,0.6230361501927921
1772937533.433262,0.2880179143377206
1772937533.4332707,-0.05960545429343927
1772937533.4332795,-0.08863597459117159
1772937533.433288,0.3187794790056123
1772937533.433297,0.9713323408455106
1772937533.4333055,1.5782224384876606
1772937533.4333143,1.9612093120753562
1772937533.433324,2.0528619072763767
1772937533.4333336,1.8012460617695167
1772937533.4333422,1.2041229554862358
1772937533.4333508,0.44762310226220764
1772937533.4333591,-0.09792498823116104
1772937533.433368,-0.13524301398436003
1772937533.4333766,0.27402871355917563
1772937533.4333851,0.7161103864091165
1772937533.4333937,0.7634783331499211
1772937533.4334023,0.34225729835923396
1772937533.433411,-0.2020502117367308
1772937533.4334197,-0.3844642120746579
1772937533.433429,0.039772534844034
1772937533.4334383,0.8892642658419869
1772937533.433447,1.6865556008027447
1772937533.4334557,2.001310017125218
1772937533.4334643,1.7567628667737918
1772937533.433473,1.2596786634157238
1772937533.4334817,0.9132536734842939
1772937533.4334905,0.8552576191412118
1772937533.433499,0.8687257045496822
1772937533.4335077,0.6664820374974176
1772937533.4335165,0.2509619851316618
1772937533.4335253,-0.057785210840758966
1772937533.433534,0.026456867292170727
1772937533.4335425,0.42365469398783645
1772937533.4335513,0.7648585970176416
1772937533.43356,0.7865064364758507
1772937533.4335687,0.568999404165461
1772937533.433578,0.35100395827317066
1772937533.433587,0.19068645410116267
1772937533.4335957,-0.07105619846189404
1772937533.4336045,-0.5078558558915394
1772937533.433613,-0.9020412159919386
1772937533.4336216,-0.9604478393992227
1772937533.43363,-0.7002094156392826
1772937533.4336386,-0.4746976357983967
1772937533.4336472,-0.540528852167383
1772937533.4336555,-0.684934753340072
1772937533.433664,-0.4218559503545982
1772937533.433673,0.4180177727383725
1772937533.4336815,1.396945947692397
1772937533.4336908,1.8550920206213826
1772937533.4336991,1.554214071086419
1772937533.433708,0.8629463508193197
1772937533.4337163,0.31763201139319
1772937533.433725,0.10641498545506067
1772937533.4337337,0.040756669093090524
1772937533.4337423,-0.06475249026618508
1772937533.4337509,-0.14691102360704963
1772937533.4337611,-0.06218264945037686
1772937533.4337747,0.13281473867233853
1772937533.4337883,0.21293292002705574
1772937533.4337995,0.09388333468560904
1772937533.433808,-0.009966943101942263
1772937533.433817,0.18553580802418224
1772937533.4338253,0.6910318115562075
1772937533.4338336,1.2033893890998115
1772937533.433843,1.399162993251824
1772937533.433852,1.2006100771074746
1772937533.4338608,0.74736115669826
1772937533.4338694,0.20576212304871166
1772937533.433879,-0.30431905537800663
1772937533.4338875,-0.6426784626716822
1772937533.433896,-0.6583900460185199
1772937533.433905,-0.3494118627865222
1772937533.4339132,0.053749192220874764
1772937533.433922,0.27891757219118096
1772937533.4339304,0.3024800191117771
1772937533.4339433,0.36345397550599834
1772937533.433957,0.6393148348931051
1772937533.4339695,0.981129383120903
1772937533.433978,1.0777058678431082
1772937533.4339867,0.8740167990505003
1772937533.433995,0.695413741839963
1772937533.4340036,0.8583444249853992
1772937533.4340122,1.2152750126922882
1772937533.4340205,1.2305210295352995
1772937533.4340293,0.5650509149761884
1772937533.9248827,0.22278814565610094
1772937533.92492,-0.24749452926848436
1772937533.9249463,-0.29487973087329145
1772937533.9249723,-0.02368695842064335
1772937533.9249997,0.20024546486011813
1772937533.9250262,0.22192044859637952
1772937533.925053,0.23585428563991168
1772937533.925079,0.44793553760082216
1772937533.9251068,0.7289367514143401
1772937533.9251325,0.7220393256298117
1772937533.9251597,0.27775726812983
1772937533.925181,-0.323587590723939
1772937533.9251893,-0.6365732352758999
1772937533.9251971,-0.49196461619000603
1772937533.9252057,-0.12022306179308981
1772937533.9252136,0.13779718437472951
1772937533.9252217,0.17023652250750348
1772937533.9252298,0.1315244125131812
1772937533.925238,0.21258938220258483
1772937533.9252455,0.4388349557152
1772937533.9252546,0.6719529657969817
1772937533.9252636,0.735653350413467
1772937533.925272,0.5196416177047825
1772937533.9252803,0.031134113406730307
1772937533.9252884,-0.578657612566766
1772937533.9252968,-1.052923935448212
1772937533.925305,-1.1856155085865228
1772937533.9253132,-1.0052856130022783
1772937533.9253216,-0.7800937612946832
1772937533.9253297,-0.7739776839587001
1772937533.9253383,-0.9730256585322747
1772937533.9253466,-1.0853560494929007
1772937533.9253547,-0.8417713999268723
1772937533.9253628,-0.2814786467403079
1772937533.925371,0.2901052764476694
1772937533.925379,0.6189043824692958
1772937533.9253871,0.7350378522063954
1772937533.9253964,0.8497455699167713
1772937533.925405,1.056978126901149
1772937533.925413,1.1958476576708899
1772937533.9254212,1.0308466872673807
1772937533.925429,0.5390353905357829
1772937533.9254377,-0.020806551783790497
1772937533.9254458,-0.3319451341099786
1772937533.925454,-0.2944935757030456
1772937533.925462,-0.07060947513105353
1772937533.92547,0.1235381436242866
1772937533.9254785,0.2427436818402772
1772937533.9254863,0.421950686651286
1772937533.9254951,0.7767006008635151
1772937533.9255035,1.2170852753162849
1772937533.9255116,1.4751034854572982
1772937533.9255226,1.323826080775528
1772937533.9255304,0.7778868656839774
1772937533.9255383,0.09294444515355511
1772937533.9255464,-0.41733662053386594
1772937533.9255548,-0.5707243898792994
1772937533.9255629,-0.37386613237522737
1772937533.9255712,0.03251032667773353
1772937533.9255793,0.4423579062684967
1772937533.9255872,0.6421460772761552
1772937533.9255953,0.5120988654802326
1772937533.9256032,0.15407052474374577
1772937533.925611,-0.1099796838460579
1772937533.9256191,0.015055623778677273
1772937533.9256272,0.46492030429804126
1772937533.9256363,0.7651105980449747
1772937533.925645,0.4292115197484875
1772937533.9256532,-0.5194764640065663
1772937533.925661,-1.465611832651819
1772937533.9256697,-1.7351107373798857
1772937533.9256775,-1.2523590851518303
1772937533.9256856,-0.6321754909636255
1772937533.9256935,-0.5813226539583836
1772937533.9257016,-1.2243385310275208
1772937533.9257095,-2.047390133635583
1772937533.9257174,-2.4683125257273115
1772937533.9257255,-2.373934618327694
1772937533.9257336,-2.0736998311958383
1772937533.925742,-1.8343372182591116
1772937533.92575,-1.610057236458391
1772937533.9257576,-1.2563841009216272
1772937533.9257655,-0.8705312319751897
1772937533.9257734,-0.7599843295205468
1772937533.9257812,-1.0561903302570015
1772937533.925789,-1.477709949935036
1772937533.9257972,-1.5767805717415302
1772937533.925805,-1.1977367500353502
1772937533.9258127,-0.6087928878130796
1772937533.9258208,-0.17168290465237943
1772937533.9258287,0.03186034351963556
1772937533.9258363,0.18219408588842265
1772937533.9258444,0.39168660840713027
1772937533.9258523,0.5181266093119017
1772937533.9258602,0.3579379638946847
1772937533.9258685,-0.047467191438605
1772937533.9258764,-0.3978028999881769
1772937533.9258845,-0.43991820240372204
1772937533.925892,-0.22633296289881286
1772937533.9259,-0.033143272735923615
1772937533.9259079,-0.0586250736951981
1772937533.9259157,-0.24994762968902837
1772937533.9259236,-0.4040967446533493
1772937533.9259315,-0.36733114172503356
1772937533.925939,-0.11448386766003706
1772937533.9259472,0.2933414893652564
1772937533.9259553,0.7396890839333544
1772937533.9259636,1.0492613543059597
1772937533.925972,1.060724735756101
1772937533.92598,0.795532540777952
1772937533.925988,0.535146186747657
1772937533.925996,0.625317782705251
1772937533.926004,1.1222428921511471
1772937533.926012,1.6451953904205252
1772937533.9260197,1.6561761083747015
1772937533.9260275,0.950110032648513
1772937533.9260356,-0.11767728343621035
1772937533.9260435,-0.9105456513876906
1772937533.9260514,-1.0449370895318815
1772937533.9260595,-0.6781675895679309
1772937533.9768553,-0.2932356873613556
1772937533.9768815,-0.21075529870224027
1772937533.9768918,-0.3065247444441966
1772937533.9769008,-0.1976065053901858
1772937533.9769125,0.29981619454367925
1772937533.976931,0.9044208785113201
1772937533.97694,1.0819952808924038
1772937533.9769485,0.5585448773099798
1772937533.9769564,-0.35974044788528114
1772937533.9769647,-1.0007927222555342
1772937534.4507067,-1.6842541778005424
1772937534.4507551,-1.5770890718251878
1772937534.4507961,-1.2461608735065808
1772937534.450826,-0.7844891078738254
1772937534.4508564,-0.33816875887314074
1772937534.450887,-0.13913568399586654
1772937534.4509175,-0.3737308877666272
1772937534.4509535,-0.992687555576665
1772937534.4509835,-1.67716675270476
1772937534.4510145,-2.0320264635481533
1772937534.451046,-1.857358747385475
1772937534.4510615,-1.2815982667107646
1772937534.451078,-0.6612248582729673
1772937534.4510925,-0.3295556653460973
1772937534.4511027,-0.376764338015211
1772937534.4511132,-0.6178535269596053
1772937534.451123,-0.7724841697334578
1772937534.4511333,-0.7127654716730611
1772937534.451144,-0.5624771689083338
1772937534.4511535,-0.5519609920971217
1772937534.4511633,-0.7694658748707708
1772937534.4511724,-1.0644393258060052
1772937534.4511836,-1.201803299970989
1772937534.4511974,-1.0897859704503765
1772937534.4512267,-0.8248435813860565
1772937534.4512365,-0.5217702901504686
1772937534.4512467,-0.16213822941997733
1772937534.4512572,0.3310711494048653
1772937534.4512668,0.882099346002445
1772937534.4512768,1.2062064504496002
1772937534.451286,1.0395984491309855
1772937534.451296,0.4372958240761223
1772937534.451306,-0.19732124619037955
1772937534.4513156,-0.4191167199674731
1772937534.4513252,-0.09537306167036183
1772937534.4513352,0.5288236082941946
1772937534.4513457,1.0916213651606856
1772937534.4513552,1.4300449875652712
1772937534.4513648,1.66504369852875
1772937534.4513743,2.0180638400540754
1772937534.451384,2.5563007709268684
1772937534.4513936,3.0932614137154415
1772937534.4514031,3.3227937664550162
1772937534.451413,3.0778038785998154
1772937534.4514227,2.49843618641532
1772937534.4514356,1.9421073169366827
1772937534.4514456,1.6760532369713197
1772937534.4514544,1.6249697039314857
1772937534.4514637,1.455894523724292
1772937534.4514723,0.9707742048857048
1772937534.4514813,0.4108151318078807
1772937534.4514904,0.29092034215341483
1772937534.451501,0.8623867008106197
1772937534.451514,1.7641318260140693
1772937534.4515276,2.295863489371385
1772937534.4515417,2.0837888077598543
1772937534.4515507,1.4345250370891194
1772937534.4515595,0.9765511892850426
1772937534.4515684,0.9788674070452419
1772937534.4515772,1.1087851164659217
1772937534.4515862,0.886360440697262
1772937534.4515948,0.2859643087269351
1772937534.451604,-0.22080412406354094
1772937534.4516127,-0.20816618648737784
1772937534.451622,0.23873339573103164
1772937534.4516318,0.673591439177357
1772937534.451641,0.8234724365773805
1772937534.45165,0.8301827316179408
1772937534.4516592,0.9340447019174629
1772937534.451668,1.0639232737082147
1772937534.4516768,0.9057328805603456
1772937534.4516854,0.37569189391906477
1772937534.4516969,-0.13818399627816694
1772937534.4517102,-0.1411230141031327
1772937534.4517245,0.39768648762637065
1772937534.4517334,0.9735320690571074
1772937534.451742,1.0971020787664654
1772937534.4517508,0.8256346833103451
1772937534.451759,0.6387519410204779
1772937534.4517677,0.8153741790109352
1772937534.4517765,1.079508388803217
1772937534.451786,0.9553796774817374
1772937534.451795,0.39782062620541336
1772937534.4518037,-0.08782710179758692
1772937534.451812,-0.011476775321042396
1772937534.4518209,0.5144728806679729
1772937534.4518297,0.8798322748192243
1772937534.451838,0.6747080500948287
1772937534.4518468,0.17315916365701878
1772937534.4518552,0.03171373591325426
1772937534.4518635,0.5381955118091012
1772937534.451872,1.2621927080171416
1772937534.4518807,1.4951161269300777
1772937534.4518895,0.9792391439136039
1772937534.4518983,0.13321557101313614
1772937534.4519072,-0.41608219992934053
1772937534.4519184,-0.4224642486367095
1772937534.4519317,-0.10247100656846192
1772937534.4519477,0.26455077569676133
1772937534.451958,0.6505876236011848
1772937534.4519663,1.1355410082311086
1772937534.4519749,1.5763455704885467
1772937534.4519835,1.621496083208885
1772937534.4519918,1.1493700398305742
1772937534.4520004,0.6013504446883383
1772937534.4520087,0.7027862914769194
1772937534.4520173,1.7528127418797022
1772937534.452026,3.2272989133861527
1772937534.4520347,4.180109754996649
1772937534.4520433,4.08628417888094
1772937534.4520528,3.2813570853706215
1772937534.4520617,2.573629235766687
1772937534.4520705,2.4728121961756235
1772937534.452079,2.8285835457326085
1772937534.4520876,3.1544857458015887
1772937534.452096,3.16317660599465
1772937534.4521043,2.909940409365286
1772937534.452113,2.5062252214009892
1772937534.4521215,1.8846817098827544
1772937534.45213,0.9510640603239157
1772937534.9315083,0.7309899650950813
1772937534.9315653,0.6766227511416043
1772937534.931597,0.4174143435836718
1772937534.9316297,0.1327069562685552
1772937534.9316628,0.21692517346615206
1772937534.931697,0.8478284065310634
1772937534.931728,1.6946387963170808
1772937534.931754,2.151878784071085
1772937534.9317665,1.9150224607244222
1772937534.9317982,1.2849139300374972
1772937534.9318273,0.8541969644354755
1772937534.9318652,0.9192535909908908
1772937534.9318871,1.2569394178657667
1772937534.9319003,1.4535316183884897
1772937534.931913,1.3405951974337065
1772937534.931925,1.04813323791672
1772937534.9319367,0.7262515070893717
1772937534.9319491,0.37573442259080186
1772937534.9319625,-0.0151102220031204
1772937534.93198,-0.3121066403097608
1772937534.9319963,-0.36619894293373156
1772937534.9320104,-0.2849692575047499
1772937534.9320278,-0.42246967547639835
1772937534.932042,-1.0055332672028698
1772937534.9320562,-1.8308694629680873
1772937534.9320707,-2.4359000855809207
1772937534.9320807,-2.564595135382479
1772937534.9320898,-2.375300494575189
1772937534.9320989,-2.1746563682982485
1772937534.9321072,-2.0635544616545682
1772937534.9321165,-1.9438372603433118
1772937534.9321256,-1.7933501296094678
1772937534.9321349,-1.740200803122625
1772937534.9321437,-1.7924008422594027
1772937534.9321525,-1.6460401798926791
1772937534.9321642,-0.9632452056907064
1772937534.9321775,0.14660023460356358
1772937534.9321911,1.096833304599907
1772937534.9322045,1.401245457178906
1772937534.932218,1.2075954287497421
1772937534.932232,1.0997335470917355
1772937534.9322524,1.3597471707728421
1772937534.932268,1.5919339407324202
1772937534.932284,1.2061063817852051
1772937534.9322982,0.19340052075009975
1772937534.9323123,-0.7624933963512105
1772937534.932328,-0.9960951965017986
1772937534.9323425,-0.5488404501396378
1772937534.9323597,-0.037607897552867885
1772937534.932376,0.0782693677267639
1772937534.9323847,-0.08492075629347665
1772937534.932394,-0.17966680672136004
1772937534.9324028,-0.1956558288081367
1772937534.9324117,-0.47755571984536127
1772937534.932421,-1.184698156715046
1772937534.93243,-1.9249179501274778
1772937534.9324396,-2.067473254206647
1772937534.932448,-1.3827555868347745
1772937534.9324567,-0.27535061141465816
1772937534.93247,0.6012307696887089
1772937534.932485,0.8618325852935128
1772937534.9324987,0.5302774684995797
1772937534.9325075,-0.1559623513458049
1772937534.932516,-0.9092761028404707
1772937534.932528,-1.4058272373665488
1772937534.9325368,-1.36644372861457
1772937534.9325457,-0.7968093028580627
1772937534.932554,-0.10534347584323288
1772937534.9325628,0.17711338862640866
1772937534.9325716,-0.12592298519146267
1772937534.93258,-0.6812662327751907
1772937534.9325888,-1.001316651849889
1772937534.9325972,-0.903471889204285
1772937534.9326065,-0.5703487165737674
1772937534.9326148,-0.2284825988623104
1772937534.9326236,0.09123640102899322
1772937534.9326324,0.4437920504532825
1772937534.9326425,0.7617684505286243
1772937534.9326515,0.904121126361834
1772937534.9326603,0.8877114650671721
1772937534.9326692,0.9141615052351654
1772937534.932678,1.0905753160493892
1772937534.9326901,1.2298604908337982
1772937534.932704,1.0707782354603506
1772937534.9327185,0.6752596798960854
1772937534.932727,0.4410676572439315
1772937534.932736,0.6256222819025852
1772937534.932745,0.9629734352781566
1772937534.9327536,0.9266200150439258
1772937534.9327629,0.393065217117261
1772937534.932772,-0.10784770580702303
1772937534.9327807,0.07206298556031238
1772937534.9327893,0.9638614823867279
1772937534.932798,1.9088386946331897
1772937534.9328065,2.2393208639587
1772937534.9328153,1.9238103200115995
1772937534.932824,1.4720418430694093
1772937534.9328327,1.300797672081171
1772937534.9328415,1.347589978605031
1772937534.9328501,1.3138017001681352
1772937534.9328587,1.1169844148692136
1772937534.9328673,0.9566711038094214
1772937534.932876,0.9844003308874899
1772937534.9328847,1.081098871182037
1772937534.932893,1.0381018321663793
1772937534.9329016,0.865551840587661
1772937534.932911,0.8043606675099552
1772937534.93292,1.0431576382404637
1772937534.9329283,1.5161727909131792
1772937534.932937,1.9980414180123154
1772937534.9329455,2.308066632887868
1772937534.932954,2.3708790869205916
1772937534.932963,2.178049572727033
1772937534.9329715,1.8394035109702787
1772937534.9329798,1.6625320067406388
1772937534.9329884,1.982798435241063
1772937534.932997,2.7386078012832504
1772937534.9330056,3.2660559939383154
1772937534.9330146,2.741726555378247
1772937534.9330237,0.9946160685235227
1772937535.4114673,2.57683431418266
1772937535.4115102,1.5109147854844374
1772937535.4115367,0.6728496356431829
1772937535.4115634,0.6445063211680654
1772937535.41159,1.1435418665453723
1772937535.4116173,1.326340437827706
1772937535.4116435,0.7233693550550474
1772937535.4116702,-0.2588037667743001
1772937535.411697,-0.8224417618451052
1772937535.4117236,-0.6435376198624329
1772937535.41175,-0.11151068650533438
1772937535.4117763,0.24522467559497937
1772937535.4117851,0.3582996861228978
1772937535.4117932,0.5208001053479491
1772937535.4118016,0.8273951359395573
1772937535.411814,0.9668025756530847
1772937535.411824,0.6506443545332076
1772937535.411832,0.0693806302510788
1772937535.4118404,-0.2849059901412813
1772937535.4118488,-0.22834711003794542
1772937535.411857,-0.11327625199424193
1772937535.4118652,-0.33840391959625354
1772937535.4118736,-0.7672681960025363
1772937535.4118817,-0.8436474201198312
1772937535.41189,-0.2989393869396722
1772937535.411898,0.4550217267849152
1772937535.4119067,0.7899339966910265
1772937535.411916,0.6232532758559394
1772937535.4119248,0.5022715424034071
1772937535.4119332,0.8746290759833931
1772937535.4119413,1.4601595008812573
1772937535.4119492,1.542800634433186
1772937535.4119575,0.8477393712232011
1772937535.4119658,-0.0886587352919724
1772937535.411974,-0.5338685569704672
1772937535.411982,-0.40759305901967063
1772937535.41199,-0.31474993219758
1772937535.411998,-0.7289887921467147
1772937535.4120064,-1.3498051569866396
1772937535.4120145,-1.4368065489209594
1772937535.4120226,-0.7107915548821718
1772937535.4120307,0.2846014225639274
1772937535.4120388,0.7981389566208779
1772937535.4120471,0.7139432818404131
1772937535.412056,0.6208282591026154
1772937535.4120648,1.0572117680316797
1772937535.412073,1.8476012388936804
1772937535.4120808,2.2904648442466815
1772937535.4120939,1.937075846553549
1772937535.412102,1.0609148841408846
1772937535.41211,0.3454747691230825
1772937535.412118,0.21022018097593004
1772937535.4121263,0.5038475877097673
1772937535.412135,0.7822659697937838
1772937535.4121428,0.7614879601693967
1772937535.4121509,0.4798230570581818
1772937535.4121594,0.12938923125638047
1772937535.412168,-0.15883160094842005
1772937535.4121764,-0.3689909008599583
1772937535.4121845,-0.5316313430319513
1772937535.4121923,-0.6582572975284491
1772937535.4122005,-0.7243546885244996
1772937535.4122088,-0.6850082575546931
1772937535.412217,-0.5220061630131402
1772937535.4122252,-0.3081200036071613
1772937535.4122338,-0.21208988817464502
1772937535.412242,-0.3836028668438322
1772937535.4122505,-0.797787891906517
1772937535.4122586,-1.2335191199066533
1772937535.4122665,-1.4422639624669031
1772937535.4122746,-1.3448025047074563
1772937535.4122825,-1.0529891066237576
1772937535.4122903,-0.721407975649375
1772937535.412299,-0.4259916992930254
1772937535.4123075,-0.19389905848834338
1772937535.412316,-0.08189024038214485
1772937535.4123237,-0.14165429732380153
1772937535.412332,-0.3017665780145353
1772937535.4123404,-0.3567266512366017
1772937535.4123485,-0.13634658501323033
1772937535.4123564,0.3192081232523773
1772937535.4123645,0.7846529119967606
1772937535.4123726,1.0395765851134338
1772937535.4123807,1.0004888685476387
1772937535.412389,0.6916049748786772
1772937535.4123971,0.18950291380469095
1772937535.4124055,-0.32806065346360264
1772937535.4124136,-0.5446839633551452
1772937535.4124217,-0.18526082116015222
1772937535.4124296,0.6614579118946944
1772937535.4124377,1.4606980451267264
1772937535.4124455,1.6185944813132123
1772937535.4124537,1.025938188186094
1772937535.4124615,0.17243511050950883
1772937535.4124696,-0.3410038871157799
1772937535.4124775,-0.38505483112139427
1772937535.4124854,-0.34320634271289857
1772937535.4124935,-0.5891844043980969
1772937535.4125013,-1.0238194962622744
1772937535.4125097,-1.2028423499069432
1772937535.4125175,-0.8788851389425549
1772937535.4125257,-0.31172322791679996
1772937535.412534,-0.005637296483143246
1772937535.4125423,-0.20116871635931596
1772937535.4125504,-0.6805438589891186
1772937535.4125583,-1.0343425554746168
1772937535.4125664,-1.0398711943798449
1772937535.4125745,-0.7788008108982224
1772937535.4125826,-0.4815768506161252
1772937535.4125905,-0.3310875941875986
1772937535.4125984,-0.3732952002651875
1772937535.4126065,-0.5151722623421071
1772937535.4126143,-0.583192903796884
1772937535.4126225,-0.4615190608575279
1772937535.4126308,-0.2352160355503913
1772937535.412639,-0.1482869046239921
1772937535.412647,-0.3267736469705917
1772937535.412655,-0.545832995392227
1772937535.412663,-0.3836348832289295
1772937535.412671,0.31307867486788127
1772937535.8513496,969.1030590001902
1772937535.851386,1141.6354050446037
1772937535.8514092,786.9596688981073
1772937535.8514323,398.9366096559543
1772937535.8514533,523.1208005041532
1772937535.8514762,990.1141742958962
1772937535.8514996,1146.8645941054392
1772937535.8515224,770.1672056465783
1772937535.8515427,384.7779480334767
1772937535.8515525,532.9082942303636
1772937535.8515613,1011.5109127374195
1772937535.8515751,1149.793699253148
1772937535.8515882,748.1867368442868
1772937535.851602,365.23358292467196
1772937535.8516164,540.7255983508022
1772937535.85163,1035.1682621758341
1772937535.8516393,1156.4337743971794
1772937535.851648,728.3418278968609
1772937535.8516572,346.2489262639204
1772937535.8516657,549.5419176854442
1772937535.8516743,1060.6175041492031
1772937535.851683,1163.3740407715281
1772937535.851692,705.7441691108971
1772937535.851702,323.62663061378527
1772937535.8517125,557.7110609493392
1772937535.8517213,1089.1379953886806
1772937535.851731,1173.5700909126738
1772937535.85174,683.3248125830162
1772937535.8517487,299.3802547741565
1772937535.851758,566.2977670970259
1772937535.8517668,1120.8227390369595
1772937535.8517756,1185.843653768041
1772937535.85179,658.890814654922
1772937535.8518045,271.7594215253826
1772937535.8518145,575.6960890664432
1772937535.8518229,1158.3008974532102
1772937535.8518288,1203.0649097865066
1772937535.8518348,633.2768290903624
1772937535.8518407,239.09065860162903
1772937535.8518467,582.9029422598103
1772937535.8518531,1198.022820486818
1772937535.851859,1220.5503368581342
1772937535.851865,600.3820087001076
1772937535.8518713,195.893110453184
1772937535.8518775,586.4263141621957
1772937535.8518836,1243.6381634819484
1772937535.8518896,1244.2738366504732
1772937535.8518956,564.4719326799834
1772937535.8519013,143.721692763953
1772937535.8519073,587.5417412014693
1772937535.8519132,1298.051333869129
1772937535.8519187,1277.2970715131141
1772937535.8519251,526.3510231090615
1772937535.8519318,82.1465035547706
1772937535.8519375,588.5014557513525
1772937535.8519435,1367.126488533149
1772937535.8519497,1323.8636693430226
1772937535.8519557,482.7374466047101
1772937535.8519614,2.0879504222110845
1772937535.8519678,583.2099606110985
1772937535.851974,1452.795960195982
1772937535.85198,1387.7613604128644
1772937535.8519864,429.4500353362906
1772937535.851996,-107.41742378146242
1772937535.852002,567.4969154691428
1772937535.852008,1566.390364770374
1772937535.8520172,1485.093178102901
1772937535.8520272,367.94180159604747
1772937535.8520365,-261.3460437320504
1772937535.852043,532.005973435402
1772937535.8520489,1721.4684253774114
1772937535.8520548,1636.0077351997504
1772937535.8520603,290.72959092882553
1772937535.8520665,-497.2400764436679
1772937535.8520725,455.0621341249896
1772937535.8520784,1951.9004459545038
1772937535.8520844,1897.8129732123525
1772937535.8520904,197.8670785560881
1772937535.8520963,-891.7596978956217
1772937535.8521025,281.41623906652194
1772937535.8521085,2329.2144652459683
1772937535.8521147,2408.5787650265097
1772937535.852121,85.80436474566115
1772937535.8521273,-1670.4227501940345
1772937535.8521335,-174.41419963174604
1772937535.8521392,3069.2736220550487
1772937535.8521454,3670.9072522109345
1772937535.8521514,6.461863250393362
1772937535.852157,-3737.8307506100955
1772937535.8521628,-1867.2788283317145
1772937535.8521688,5206.458262228985
1772937535.8521745,9123.122276318936
1772937535.8521805,1160.8325484013326
1772937535.8521864,-17706.237271265705
1772937535.8521922,-35163.2032265021
1772937535.852198,-37395.40473342433
1772937535.8522036,-21684.82245323015
1772937535.8522096,428.0606029509314
1772937535.852216,12905.351366899322
1772937535.852222,9066.686246698917
1772937535.8522277,-3215.6414036788847
1772937535.8522336,-9635.55479069437
1772937535.8522394,-3215.2476430903516
1772937535.852245,9066.972093953178
1772937535.8522508,12905.007928852567
1772937535.8522568,427.0850190455478
1772937535.8522625,-21685.798151500927
1772937535.852268,-37395.52284776149
1772937535.852274,-35161.94998867566
1772937536.1916416,-17704.38954291922
1772937536.191684,1162.315461871993
1772937536.1917107,9124.427250745279
1772937536.1917372,5208.120416078064
1772937536.191764,-1864.9559748686
1772937536.1917963,-3735.093483652356
1772937536.1918228,9.067090174525976
1772937536.1918497,3673.0593646827006
1772937536.19186,3071.1274423654254
1772937536.191868,-172.47336332068872
1772937536.191876,-1668.2088393092752
1772937536.1918843,88.1322459746874
1772937536.1918926,2410.7670507768794
1772937536.1919007,2331.2346702114837
1772937536.191909,283.48476228054557
1772937536.191917,-889.4637730232522
1772937536.191925,200.28057046221056
1772937536.1919332,1899.9987388425216
1772937536.1919436,1953.563853371093
1772937536.1919525,456.1735608898895
1772937536.1919603,-496.49651420944963
1772937536.191969,291.27991019503156
1772937536.191977,1636.3747495173168
1772937536.1919851,1721.5426082860847
1772937536.1919932,531.7322667410078
1772937536.1920016,-261.83534354178164
1772937536.1920097,367.53653269999336
1772937536.192018,1485.0851116291192
1772937536.1920261,1566.9437773115562
1772937536.1920345,568.5953197769811
1772937536.1920428,-105.84275499098807
1772937536.1920512,431.52340772918706
1772937536.1920595,1390.3945942453174
1772937536.192068,1455.8180364637149
1772937536.192076,586.0207882290008
1772937536.1920843,3.896632979539689
1772937536.1920922,483.2069045182513
1772937536.1921,1323.6022665245673
1772937536.1921084,1367.4237780234002
1772937536.1921165,590.3657293675549
1772937536.1921246,85.47170123287559
1772937536.1921327,530.0477764967096
1772937536.1921408,1280.321945269748
1772937536.1921487,1300.3425449676406
1772937536.1921568,589.9367290915825
1772937536.192165,146.9794514852527
1772937536.192173,568.4421158188164
1772937536.1921823,1248.0471521096774
1772937536.1921911,1246.4264120222308
1772937536.1921995,588.1764558934365
1772937536.1922076,197.0360489081389
1772937536.1922157,601.1332623466852
1772937536.1922245,1220.6262679603503
1772937536.192233,1197.0548764050561
1772937536.1922412,580.9846306167026
1772937536.1922495,236.78967596762885
1772937536.192258,631.1416353348081
1772937536.192266,1201.25059433546
1772937536.1923037,1156.7253868214489
1772937536.1923156,574.440743556389
1772937536.192324,271.1414392011372
1772937536.192332,659.0894425421683
1772937536.1923397,1186.554199373651
1772937536.1923475,1121.4008710664157
1772937536.192356,566.2797148303611
1772937536.1923645,298.84182548739346
1772937536.1923728,682.7538585952258
1772937536.1923811,1173.4611727977178
1772937536.192389,1089.7297560422112
1772937536.192397,559.0086722939277
1772937536.1924064,325.51858186830907
1772937536.1924143,708.0378828775054
1772937536.192422,1165.810103399945
1772937536.19243,1062.981028609375
1772937536.192438,551.7979941057547
1772937536.1924458,348.51684130631514
1772937536.1924543,730.7088223616129
1772937536.1924627,1158.8499965011495
1772937536.192471,1037.5849014795176
1772937536.192479,543.2924237785095
1772937536.1924868,368.22805586985453
1772937536.1924944,751.6596889323713
1772937536.1925025,1153.3293341448846
1772937536.19251,1014.4568052788222
1772937536.664853,-37821.0496071561
1772937536.6648858,-19341.531485188978
1772937536.6649084,2529.1575264873572
1772937536.6649344,11383.79996348912
1772937536.664964,5333.668727353157
1772937536.6649947,-3816.927932579865
1772937536.6650214,-5011.534040766633
1772937536.6650448,1023.1405855969509
1772937536.6650622,5451.626572217259
1772937536.6650765,3211.468403518488
1772937536.6650896,-1727.1444315987264
1772937536.6651032,-2734.632851557863
1772937536.6651168,890.9579136591524
1772937536.6651275,3892.5784207323486
1772937536.6651387,2477.1116828043805
1772937536.6651497,-1020.4848483810854
1772937536.6651604,-1818.8198260783993
1772937536.6651711,868.2322103088088
1772937536.6651816,3188.7742144934846
1772937536.6651924,2106.7822582551967
1772937536.665203,-674.254698363909
1772937536.6652157,-1328.6313148560141
1772937536.6652277,869.0978158215923
1772937536.6652384,2792.8862167451766
1772937536.665249,1879.9437960391142
1772937536.66526,-479.13271115836267
1772937536.6652768,-1029.6497350169045
1772937536.6652875,877.4800629838435
1772937536.6652985,2546.0857650826033
1772937536.6653092,1729.6775454794224
1772937536.6653197,-356.84755736812855
1772937536.66533,-829.7386328013946
1772937536.665341,890.5304210608695
1772937536.665352,2382.8758787255283
1772937536.6653628,1622.803702686137
1772937536.665373,-279.4658707704158
1772937536.6653836,-692.9732945233811
1772937536.6653943,902.485538305985
1772937536.665405,2269.262621334024
1772937536.6654158,1543.2754877643392
1772937536.6654265,-228.87813726909877
1772937536.6654372,-593.5658947442074
1772937536.6654477,918.3968504970017
1772937536.665459,2192.4343348354982
1772937536.6654696,1482.4903313168363
1772937536.66548,-200.14090902972828
1772937536.6654904,-524.5322294934746
1772937536.6655009,935.2437454491572
1772937536.6655111,2143.6845629002864
1772937536.665522,1439.062110346593
1772937536.6655347,-183.92670690664278
1772937536.6655464,-475.86042401724495
1772937536.665557,953.6704878610045
1772937536.6655676,2115.6146396425756
1772937536.6655784,1406.2488263238604
1772937536.6655889,-181.75710728390888
1772937536.6655996,-447.0745708824326
1772937536.66561,971.7872569596649
1772937536.6656208,2104.673371074025
1772937536.6656313,1382.7305696182466
1772937536.665642,-191.25051213510778
1772937536.6656525,-434.3107866073721
1772937536.6656637,992.6322647196288
1772937536.6656747,2113.1837693328007
1772937536.6656857,1371.0605274219654
1772937536.6656964,-210.16509233806377
1772937536.665708,-437.1582545936259
1772937536.6657217,1014.2314603222998
1772937536.6657352,2137.3488961006606
1772937536.6657488,1366.008161240017
1772937536.6657624,-244.83995158118873
1772937536.6657767,-461.3298819664733
1772937536.6657896,1034.246820910083
1772937536.6657982,2178.9879704377718
1772937536.6658068,1370.971790165117
1772937536.665815,-293.0102941059535
1772937536.6658242,-504.6022377169854
1772937536.6658328,1058.1066159549982
1772937536.6658413,2246.080250060647
1772937536.665851,1390.3083835689413
1772937536.66586,-358.6148355282154
1772937536.6658683,-575.1769047882605
1772937536.665877,1082.4083211152094
1772937536.665886,2342.4583604111003
1772937536.6658945,1426.9775903432017
1772937536.6659033,-447.01811056114127
1772937536.665912,-681.2442613021689
1772937536.6659207,1109.2857943489207
1772937536.6659293,2482.6974953633935
1772937536.6659381,1492.783146506264
1772937536.6659467,-562.9044353366762
1772937536.665956,-835.2176053488566
1772937536.6659648,1140.9902394781752
1772937536.6659734,2687.188512871162
1772937536.665982,1599.1751046911152
1772937536.6659906,-727.7600493053775
1772937536.6659994,-1072.861815666324
1772937536.666008,1173.925937112746
1772937536.6660163,2995.5190332580332
1772937536.6660252,1776.2807615989293
1772937536.6660347,-974.9504756678399
1772937536.6660433,-1461.2687610354815
1772937536.666052,1202.569133487279
1772937536.6660607,3494.7019198670396
1772937536.6660693,2094.233618711292
1772937536.6660776,-1379.410241694501
1772937536.6660864,-2161.772566275897
1772937536.6660953,1216.1515330777813
1772937536.6661043,4428.526010796009
1772937536.6661134,2769.762219341529
1772937536.666122,-2158.063023094198
1772937536.6661305,-3718.424749211731
1772937536.6661413,1134.679915490861
1772937536.6661556,6738.524783459725
1772937536.66617,4827.391611597215
1772937536.6661808,-4336.437261094119
1772937536.6661894,-9648.398995768746
1772937536.666198,-300.8489475795511
1772937536.6662066,21119.181426040574
1772937536.666215,38788.22202452304
1772937537.1449847,-35.71729433432638
1772937537.1450276,-56.819653060675975
1772937537.145054,0.7519239380891886
1772937537.1450808,58.1536382877921
1772937537.1451073,36.59921687509465
1772937537.1451335,-34.13849757780795
1772937537.145161,-56.746578415451424
1772937537.1451874,-0.5837624260573866
1772937537.1452143,55.9729852613062
1772937537.1452413,33.777976263644916
1772937537.1452675,-37.352983635302955
1772937537.145294,-59.23511909921203
1772937537.1453023,-0.9224953187263163
1772937537.1453109,57.778450894763694
1772937537.145319,35.839397780827014
1772937537.145327,-36.848036907110775
1772937537.1453352,-59.987205844609534
1772937537.1453476,-1.2667835743124305
1772937537.1453583,58.22119910997944
1772937537.1453667,35.409526797151194
1772937537.1453748,-39.35300924905052
1772937537.1453831,-63.02460805940188
1772937537.1453915,-2.101638198598474
1772937537.1453996,59.82159091178696
1772937537.1454077,36.5484593659736
1772937537.1454155,-40.87885697885106
1772937537.145424,-65.45797804208357
1772937537.1454325,-1.8109161802952936
1772937537.1454406,63.3600096265123
1772937537.1454492,39.75689664298887
1772937537.145458,-40.951526933283496
1772937537.145466,-67.09101685260866
1772937537.145475,-1.1739274584222865
1772937537.1454833,66.30102674220404
1772937537.1454914,40.505667553081686
1772937537.1455,-45.245441558000934
1772937537.1455083,-72.86994568574403
1772937537.1455164,-2.361886283450815
1772937537.1455245,70.32821374183372
1772937537.145533,43.854949264438666
1772937537.1455412,-47.01496684191093
1772937537.1455493,-76.3983243433732
1772937537.1455576,-1.0087428666482123
1772937537.1455655,76.73254640713174
1772937537.1455739,47.75867686881221
1772937537.145582,-50.93087369471592
1772937537.1455908,-83.335448957173
1772937537.1455996,-1.8196295807142433
1772937537.1456077,83.09876710024939
1772937537.1456156,52.337315282877114
1772937537.1456237,-54.895576238697664
1772937537.145632,-90.3948626641825
1772937537.14564,-1.1318641853271785
1772937537.1456485,92.50093820540707
1772937537.1456563,59.105099897086085
1772937537.1456645,-59.335956263792255
1772937537.145672,-99.36908846175056
1772937537.1456802,-1.071623220522426
1772937537.1456888,103.05002513964908
1772937537.1456976,66.30566088820015
1772937537.1457057,-65.90299684287977
1772937537.145714,-111.15902138385354
1772937537.1457224,-1.0847138682483637
1772937537.1457305,116.35160057866877
1772937537.1457384,75.07190470003616
1772937537.1457467,-75.02828546113516
1772937537.1457548,-127.10908435557037
1772937537.1457627,-1.7918241845740412
1772937537.1457708,133.08091061543627
1772937537.145779,86.2282124314271
1772937537.145787,-86.84538138338048
1772937537.145795,-147.55490124568902
1772937537.1458032,-1.9812675676956701
1772937537.1458127,156.03907614454135
1772937537.1458209,101.77508020488027
1772937537.1458294,-102.15684230482974
1772937537.1458378,-174.81117552046848
1772937537.145846,-2.192002367262388
1772937537.145854,187.36882592830122
1772937537.145862,123.49066390212673
1772937537.14587,-122.52148436855909
1772937537.145878,-212.11992507689686
1772937537.145886,-2.816907324564882
1772937537.145894,230.29107908810659
1772937537.145902,152.91107863747294
1772937537.14591,-152.70027583011404
1772937537.1459181,-266.82360863507256
1772937537.1459265,-4.829493822620377
1772937537.1459348,292.4290931023811
1772937537.145943,196.87369137191067
1772937537.145951,-196.23295284043263
1772937537.1459591,-348.28383018575414
1772937537.1459675,-8.727333539867054
1772937537.1459756,386.00690875026226
1772937537.1459837,263.7456282886285
1772937537.1459918,-265.06589877490666
1772937537.146,-477.4614885469283
1772937537.146008,-12.752428188691741
1772937537.146016,544.4643880971959
1772937537.146024,381.5727768594128
1772937537.146032,-378.5055294708065
1772937537.14604,-703.6250535033791
1772937537.1460478,-25.91511470140794
1772937537.1460557,827.4529268594205
1772937537.1460643,600.1030698254642
1772937537.1460726,-597.5615030797287
1772937537.1460807,-1157.6945740065657
1772937537.1460888,-59.107138145491234
1772937537.1460967,1437.1032055616668
1772937537.1461048,1105.9666430814648
1772937537.146113,-1104.6001017489934
1772937537.1461208,-2316.6947429365937
1772937537.146129,-189.39056472720415
1772937537.1461365,3224.473852026726
1772937537.1461446,2851.432403584512
1772937537.1461527,-2852.1107062361693
1772937537.1461613,-7541.747259667619
1772937537.1461694,-1673.5696128210277
1772937537.1461773,16635.855893743108
1772937537.1461852,36149.3332372501
1772937537.6263487,-0.6073855879384207
1772937537.6263895,-0.22692735958025195
1772937537.626416,-0.11789949953931386
1772937537.626443,-0.31805693874776375
1772937537.6264691,-0.6037935754795487
1772937537.626496,-0.8429581439042015
1772937537.6265228,-1.1245495896458557
1772937537.6265492,-1.4694869638791141
1772937537.6265757,-1.5858847015312894
1772937537.626602,-1.1263305548333318
1772937537.6266289,-0.191262399627768
1772937537.626655,0.615045311520123
1772937537.6266675,0.7659818187438554
1772937537.6266797,0.3864025628371891
1772937537.6266897,0.11785155810335789
1772937537.6266983,0.4184505687572754
1772937537.6267068,1.117651248341128
1772937537.6267145,1.6962365621463986
1772937537.6267228,1.8627850616045358
1772937537.626731,1.7159007833336677
1772937537.6267395,1.422956493768587
1772937537.626748,0.9872328827796614
1772937537.6267564,0.4498473475299236
1772937537.6267645,0.14897628024756795
1772937537.6267726,0.5044507072920236
1772937537.6267817,1.474226725747053
1772937537.6267903,2.4018896128494127
1772937537.6267984,2.5813992518757125
1772937537.6268067,1.9489564914446198
1772937537.6268153,1.0838911429966087
1772937537.6268237,0.5213329342934258
1772937537.6268318,0.22480670847165557
1772937537.62684,-0.1588400223796952
1772937537.6268482,-0.6554454760074543
1772937537.6268563,-0.8162638769404098
1772937537.6268644,-0.28543880635225644
1772937537.6268723,0.6556716312957578
1772937537.6268804,1.3036842014415015
1772937537.6268888,1.2834131939741587
1772937537.626897,0.9235208657874052
1772937537.6269052,0.8097886786077705
1772937537.6269133,1.0796958499693
1772937537.6269224,1.310925944405008
1772937537.6269312,1.096175349869861
1772937537.6269395,0.5703422934646126
1772937537.6269476,0.2677529252614496
1772937537.6269555,0.5277913404979677
1772937537.6269636,1.1680226158839397
1772937537.626972,1.7509618201499204
1772937537.6269796,2.057198209090574
1772937537.626988,2.218870535382888
1772937537.626996,2.4544393722961093
1772937537.6270044,2.7970376520604505
1772937537.6270125,3.1124779006680674
1772937537.627021,3.295281294393422
1772937537.6270297,3.363089753351728
1772937537.6270375,3.376064834626859
1772937537.6270456,3.338283670096864
1772937537.6270535,3.206292275277916
1772937537.6270616,2.9552509657646406
1772937537.6270697,2.6019617638190895
1772937537.627078,2.1821859286987437
1772937537.627086,1.7428098818189848
1772937537.6270943,1.3574372045787542
1772937537.6271024,1.1212203708065631
1772937537.6271105,1.1145283884238948
1772937537.6271188,1.3687649779810864
1772937537.627127,1.8396764300848518
1772937537.627135,2.366285985592643
1772937537.6271431,2.660076857414671
1772937537.6271513,2.432382370042078
1772937537.62716,1.650737946660512
1772937537.6271684,0.6857411994129391
1772937537.6271777,0.09732643264152034
1772937537.6271856,0.1595630437039549
1772937537.6271937,0.5849947579134391
1772937537.6272016,0.790473238004687
1772937537.6272097,0.47923076003026177
1772937537.6272178,-0.07010204294173673
1772937537.6272256,-0.32397035564414284
1772937537.6272337,-0.06915558988696785
1772937537.6272418,0.3837157848366504
1772937537.6272497,0.5556570574222855
1772937537.6272583,0.287144282304548
1772937537.6272664,-0.1485250779446754
1772937537.6272745,-0.34088608856944574
1772937537.6272829,-0.0777233545128708
1772937537.6272907,0.5594497529972773
1772937537.6272988,1.2892247955283793
1772937537.6273067,1.762306997344302
1772937537.6273146,1.7243428943988897
1772937537.6273227,1.2239286037004318
1772937537.6273305,0.6845707022684885
1772937537.6273386,0.6218507598103638
1772937537.6273465,1.1510242298457767
1772937537.6273544,1.8002439492634386
1772937537.6273623,1.9334894883489548
1772937537.6273704,1.3994838849640228
1772937537.6273782,0.685381556715375
1772937537.627386,0.38014221282440985
1772937537.6273944,0.5694091731442231
1772937537.6274028,0.8667989104015407
1772937537.627411,0.9905382656064529
1772937537.6274188,1.116713791324045
1772937537.6274269,1.5627074486606303
1772937537.6274347,2.2621617070709163
1772937537.6274428,2.778543966489712
1772937537.6274507,2.865732981139511
1772937537.6274588,2.803282141436116
1772937537.627467,2.998346331588941
1772937537.6274748,3.3576408288674657
1772937537.6274827,3.330559027963997
1772937537.6274912,2.685763164156663
1772937537.6274993,2.0383861401589374
1772937537.6275072,2.3097883530178644
1772937537.6275153,3.6001378018851433
1772937537.6275232,4.799087409749706
1772937537.6275313,4.523072285318702
1772937537.6275392,2.4544047719560282
1772937537.6275473,-0.33272782087411296
1772937538.1068804,2.243880733038843
1772937538.1069221,3.2704975385329234
1772937538.1069484,3.703595464228558
1772937538.1069748,3.0693571629660075
1772937538.107002,1.7809578140817925
1772937538.1070297,0.5735443177068743
1772937538.1070569,-0.1528645694916415
1772937538.1070845,-0.43225077887811136
1772937538.1071131,-0.43661023743926597
1772937538.1071417,-0.31416335739832413
1772937538.1071687,-0.2685294878020949
1772937538.1071959,-0.5367460590511592
1772937538.1072042,-1.1251118738867962
1772937538.1072123,-1.6580747222452163
1772937538.107221,-1.6765290254158907
1772937538.1072288,-1.1343151382468681
1772937538.107237,-0.497888369230952
1772937538.1072457,-0.2875790723121569
1772937538.1072536,-0.5816233137663382
1772937538.107262,-1.038790004616716
1772937538.1072702,-1.337800152243984
1772937538.1072793,-1.4546626626244048
1772937538.1072893,-1.5046623009134383
1772937538.107298,-1.4914798676606038
1772937538.1073065,-1.366762682212164
1772937538.1073148,-1.263551836217093
1772937538.1073232,-1.4489528632965076
1772937538.1073313,-1.9497179370086122
1772937538.1073396,-2.3696038044902563
1772937538.107348,-2.270219977137728
1772937538.1073565,-1.724565330785497
1772937538.1073651,-1.3048621111176095
1772937538.107374,-1.4122333056418566
1772937538.1073828,-1.7400115431477043
1772937538.107391,-1.5991953161479608
1772937538.1073995,-0.7924724234226038
1772937538.107408,0.022358844865223545
1772937538.1074164,-0.007292992279672944
1772937538.1074257,-0.9644463936493513
1772937538.1074345,-2.0228086395297686
1772937538.1074429,-2.312976406542398
1772937538.1074512,-1.80567132334901
1772937538.1074595,-1.2339232949743393
1772937538.1074681,-1.2193156302730481
1772937538.1074767,-1.643588055537619
1772937538.107485,-1.9150358333058781
1772937538.1074936,-1.692467832295037
1772937538.107502,-1.187371108070874
1772937538.1075103,-0.7996853483269687
1772937538.107519,-0.6541029267543301
1772937538.1075275,-0.5976899347342685
1772937538.1075366,-0.5322275066023869
1772937538.107545,-0.5489544751540195
1772937538.1075563,-0.693642113850165
1772937538.1075647,-0.753858012201044
1772937538.1075728,-0.4428164858021136
1772937538.107581,0.20648444189523876
1772937538.1075895,0.7589237588498541
1772937538.1075976,0.7785053968195129
1772937538.1076057,0.28666949834646277
1772937538.107614,-0.24192186249294614
1772937538.1076224,-0.3412908636714161
1772937538.1076307,0.032883033086602835
1772937538.1076393,0.547498994801257
1772937538.1076481,0.8681030272720253
1772937538.1076567,0.9194742293018452
1772937538.1076653,0.8027853443862961
1772937538.1076744,0.5728967890924668
1772937538.1076832,0.19614175275694135
1772937538.1076915,-0.2814713639864814
1772937538.1077,-0.6261463119127995
1772937538.1077085,-0.5754118650092104
1772937538.1077168,-0.12815910095382899
1772937538.107725,0.37581083703649115
1772937538.1077335,0.5344990417548351
1772937538.1077418,0.27124019609432765
1772937538.1077504,-0.07730436414166547
1772937538.1077588,-0.09615564991986457
1772937538.107767,0.27859084003264656
1772937538.1077762,0.6926609351493684
1772937538.1077847,0.7550456590275898
1772937538.1077929,0.45999254614724716
1772937538.1078012,0.17729960877134943
1772937538.1078095,0.21261685407197184
1772937538.107818,0.4387921011477831
1772937538.107826,0.43751050399862856
1772937538.107834,0.004862792673882495
1772937538.1078422,-0.5656029541206201
1772937538.1078506,-0.7681212377938783
1772937538.107859,-0.42366908199970194
1772937538.1078668,0.1418154520262498
1772937538.107875,0.46992890399308646
1772937538.1078837,0.4438992869503222
1772937538.1078918,0.3292630067296813
1772937538.1079,0.3933332045107901
1772937538.1079085,0.6008793696689452
1772937538.107917,0.7232618870416416
1772937538.1079252,0.6476015209179353
1772937538.1079335,0.4600633835472918
1772937538.1079416,0.24253651389502523
1772937538.10795,-0.07227894640816954
1772937538.1079583,-0.5559625611428914
1772937538.1079662,-1.0695913962988157
1772937538.1079743,-1.3309694539658798
1772937538.1079824,-1.2229069993164277
1772937538.1079907,-0.9333323872018807
1772937538.1079988,-0.717411193265174
1772937538.108007,-0.5924944093162652
1772937538.1080155,-0.38948555893770753
1772937538.1080241,-0.09405554391465887
1772937538.1080325,0.022661470601248256
1772937538.1080403,-0.2733769009476912
1772937538.108049,-0.807499175279762
1772937538.1080575,-1.1227802505775661
1772937538.1080668,-1.0219073048662255
1772937538.1080792,-0.8380142822219082
1772937538.1080923,-1.0225917514543459
1772937538.1081042,-1.5167408010004142
1772937538.1081123,-1.7231744327996041
1772937538.1081204,-1.1957052708233793
1772937538.5880115,-0.28340279867068785
1772937538.588064,-0.38571492948310115
1772937538.5880983,-0.9516859343300469
1772937538.588128,-1.5221880212375922
1772937538.5881565,-1.6340672195661115
1772937538.588192,-1.3134916176722824
1772937538.5882256,-1.0191800322692688
1772937538.588256,-1.1148978846919655
1772937538.5882838,-1.481234335126921
1772937538.5883117,-1.6852076479200464
1772937538.5883374,-1.473317367853053
1772937538.58835,-1.0205445803256232
1772937538.5883603,-0.7022833434463339
1772937538.5883727,-0.7037303286416939
1772937538.588385,-0.898866525480903
1772937538.5883937,-1.0580795344047564
1772937538.5884016,-1.0879377011552689
1772937538.5884109,-1.059710545523325
1772937538.5884197,-1.0811030856889359
1772937538.5884275,-1.198857673848235
1772937538.588436,-1.3880471328265858
1772937538.588444,-1.551901760018273
1772937538.588452,-1.5163435785708552
1772937538.58846,-1.1084657045772897
1772937538.5884683,-0.3325348984757709
1772937538.5884762,0.5281073963373524
1772937538.5884843,1.0592199747038165
1772937538.5884924,1.0334771151163575
1772937538.5885005,0.5934617315268134
1772937538.5885088,0.10584882929774755
1772937538.5885167,-0.1634176092508908
1772937538.5885248,-0.22524790420281193
1772937538.5885327,-0.25450043490249014
1772937538.5885413,-0.3603505721211965
1772937538.58855,-0.4899921055263543
1772937538.5885587,-0.5190166388204072
1772937538.5885668,-0.38798444457004133
1772937538.5885751,-0.15706870522471336
1772937538.5885832,0.026220799812884565
1772937538.5885916,0.004935298634006756
1772937538.5885997,-0.2774120987618903
1772937538.5886075,-0.6789728126286586
1772937538.5886157,-0.8937859221025568
1772937538.588624,-0.6816540772986814
1772937538.588632,-0.12982641752722238
1772937538.5886405,0.35191594327823905
1772937538.5886488,0.3856435288538975
1772937538.5886571,0.00898719550812325
1772937538.588669,-0.3405299741242259
1772937538.5886767,-0.2743422875954545
1772937538.588685,0.12601575753392863
1772937538.588693,0.3813585863295808
1772937538.588701,0.11403666833538227
1772937538.588709,-0.5642224702342771
1772937538.5887172,-1.1778514454528763
1772937538.588725,-1.3534113646133048
1772937538.5887337,-1.1140304195086952
1772937538.5887415,-0.7484427847845629
1772937538.58875,-0.49420320656700545
1772937538.5887582,-0.4085841738764507
1772937538.588766,-0.48255641070803346
1772937538.5887742,-0.7468602355312857
1772937538.5887823,-1.2035622573246738
1772937538.588791,-1.7172769888293984
1772937538.5887995,-2.076827975264392
1772937538.5888076,-2.192821302237353
1772937538.5888157,-2.1830696337642004
1772937538.5888236,-2.2190326006530445
1772937538.5888317,-2.3059992632557997
1772937538.5888395,-2.2553011732952273
1772937538.5888476,-1.8754203828875293
1772937538.5888555,-1.16337125070614
1772937538.5888631,-0.3101621597245031
1772937538.5888712,0.43839945090922594
1772937538.5888793,0.9033921184564506
1772937538.5888877,1.0072348354918745
1772937538.588896,0.7736448904891452
1772937538.5889037,0.32983023940541867
1772937538.5889115,-0.12989024638535074
1772937538.5889196,-0.437596862772448
1772937538.5889275,-0.5256303348172264
1772937538.5889351,-0.40593758168677313
1772937538.5889432,-0.10548030519595664
1772937538.588951,0.33084709560530046
1772937538.5889587,0.779216368200805
1772937538.5889668,1.0605653643384836
1772937538.5889747,1.103530716069986
1772937538.5889823,1.0685854517783562
1772937538.5889904,1.221101398769244
1772937538.5889983,1.6318215389502384
1772937538.5890064,2.0553320737943013
1772937538.5890143,2.184188000461448
1772937538.5890229,2.015819362499457
1772937538.589031,1.8779847923094226
1772937538.5890388,2.04085467014156
1772937538.5890467,2.369265166563856
1772937538.5890548,2.4603424019557445
1772937538.5890627,2.128051416199882
1772937538.5890708,1.6474564740317026
1772937538.589079,1.443639369008125
1772937538.5890865,1.5907558089525073
1772937538.5890944,1.7255326196350882
1772937538.5891025,1.468812278617119
1772937538.5891104,0.8320667291972981
1772937538.5891185,0.13936177376747036
1772937538.589127,-0.37266370365008344
1772937538.589135,-0.7362361858267675
1772937538.5891428,-1.026739995167177
1772937538.589151,-1.1200112851240467
1772937538.5891588,-0.8296934391734863
1772937538.5891666,-0.2481805029882985
1772937538.5891745,0.23331717977804897
1772937538.5891829,0.3472448708452803
1772937538.5891967,0.29170337340758484
1772937538.5892112,0.4852897496016214
1772937538.58922,0.97120808378385
1772937538.5892289,1.2351789441781214
1772937538.5892372,0.7607602896675735
1772937538.589246,-0.29012813872531523
1772937538.5892549,-1.132512508083931
1772937538.5892637,-1.1783085240572597
1772937538.6253378,-0.7008056775538914
1772937538.6253698,-0.5374125169082499
1772937538.6253824,-1.1229332535593761
1772937538.625394,-1.941472406238651
1772937538.6254053,-2.0254098005083225
1772937538.6254165,-0.9483002519712026
1772937538.928564,-0.6625829271250331
1772937538.9286013,-0.08805563588812179
1772937538.9286275,0.4931162673891542
1772937538.928654,1.1946560208656645
1772937538.928681,1.7795872958873433
1772937538.9287071,1.8696950373921069
1772937538.928719,1.4460482550361415
1772937538.9287295,0.9367396615068381
1772937538.928738,0.726377262980047
1772937538.9287467,0.7151202138266006
1772937538.928755,0.52181149725645
1772937538.9287632,0.08117274672343718
1772937538.9287715,-0.1630501465397655
1772937538.9287794,0.22327140084461883
1772937538.9287877,1.0464092147006736
1772937538.928796,1.5502167927127464
1772937538.928804,1.1412693665589797
1772937538.9288123,-0.032344194686221045
1772937538.9288204,-1.2629134466169947
1772937538.9288285,-1.9550450490108087
1772937538.9288368,-2.033088108056168
1772937538.9288447,-1.7590532012646216
1772937538.9288533,-1.3442837088347908
1772937538.9288633,-0.8469653674898217
1772937538.928872,-0.3443339701325216
1772937538.9288805,-0.0037089445600100818
1772937538.9288883,0.09517083824218014
1772937538.928897,0.11005210001917544
1772937538.9289048,0.2890087769971357
1772937538.928913,0.6766955554936921
1772937538.9289212,1.0546476423858737
1772937538.9289293,1.2054699194793412
1772937538.9289377,1.1685304498407314
1772937538.9289455,1.1667729059094487
1772937538.9289536,1.3081381945186423
1772937538.9289615,1.4398339983810646
1772937538.92897,1.3196293811172164
1772937538.928978,0.8743484208033482
1772937538.9289863,0.25026926645010283
1772937538.9289944,-0.342469369259077
1772937538.9290023,-0.7613593724903998
1772937538.9290104,-0.9262177155794667
1772937538.9290197,-0.7962574291443074
1772937538.9290276,-0.43526806920569117
1772937538.929036,-0.055070353874029705
1772937538.929044,0.12193073371889375
1772937538.929052,0.09404457775812716
1772937538.9290605,0.11426867971864246
1772937538.9290683,0.4166081261788342
1772937538.9290764,0.9173362164864043
1772937538.9290843,1.263214913530469
1772937538.9290924,1.210452500719592
1772937538.9291031,0.9022252470563676
1772937538.929112,0.7033139157241147
1772937538.9291203,0.7721193644538175
1772937538.9291635,0.8761585015386143
1772937538.9291716,0.6781901666023182
1772937538.9291797,0.16236259619973675
1772937538.9291878,-0.2979608290450099
1772937538.929196,-0.31047400578303347
1772937538.929204,0.147494315137701
1772937538.9292128,0.7398511237497309
1772937538.929221,1.1288934848128882
1772937538.929229,1.2592706061954269
1772937538.9292383,1.2924377875408346
1772937538.9292476,1.345995009562897
1772937538.9292555,1.3797891661036357
1772937538.929264,1.3292273057108002
1772937538.929272,1.259841917149041
1772937538.9838002,1.3152463715134282
1772937538.983822,1.5258938033024545
1772937538.9838328,1.7415289805161718
1772937538.9838426,1.7943054839620203
1772937538.983852,1.6954740577450953
1772937538.9838643,1.6096949203455637
1772937538.9838781,1.6245733481901787
1772937538.983892,1.6046746029778236
1772937538.9839013,1.339592979418842
1772937538.9839103,0.8369003517573225
1772937539.4466264,0.49587393011684316
1772937539.446669,0.644258411656358
1772937539.4467063,0.29348851136616033
1772937539.4467363,-0.5596889656769204
1772937539.4467623,-1.2909874717012995
1772937539.446789,-1.3028454622608774
1772937539.4468157,-0.6748030985420979
1772937539.4468424,-0.05080918858048904
1772937539.446869,0.08395810917265908
1772937539.4469218,-0.11944778876604983
1772937539.446931,-0.15426144954251392
1772937539.446939,0.21112568079601976
1772937539.446947,0.7161917447095993
1772937539.4469552,0.9895935342271257
1772937539.4469645,0.9865532863728187
1772937539.4469736,0.9548469624017621
1772937539.4469817,1.0489765009562757
1772937539.4469905,1.1231964560293832
1772937539.4469988,0.9367225168859291
1772937539.4470067,0.46263413632049394
1772937539.4470148,-0.08602983790336088
1772937539.447023,-0.4842974904304273
1772937539.4470308,-0.6439757683381963
1772937539.447039,-0.53541234078957
1772937539.4470468,-0.0923967569965269
1772937539.4470549,0.6828795083709082
1772937539.447063,1.539368033652067
1772937539.4470708,2.034156195931826
1772937539.4470787,1.8796543305308666
1772937539.4470868,1.2432947307471847
1772937539.4470952,0.652397015080598
1772937539.447104,0.5650844776989981
1772937539.4471128,1.0171867891353397
1772937539.4471207,1.6556512782003479
1772937539.4471283,2.069512296449895
1772937539.4471369,2.083443325949651
1772937539.4471447,1.7955154503023867
1772937539.4471529,1.413109052004896
1772937539.4471607,1.0738372998733348
1772937539.4471688,0.7780350940030447
1772937539.4471767,0.4457436613920927
1772937539.4471846,0.03888355138156749
1772937539.447193,-0.3512827634920648
1772937539.4472015,-0.548998846518583
1772937539.44721,-0.4670133153625133
1772937539.447218,-0.24609609439745236
1772937539.447226,-0.17276618026955204
1772937539.447234,-0.3973482124802231
1772937539.447242,-0.7335439820425648
1772937539.44725,-0.8013453735352182
1772937539.447258,-0.4247356333196172
1772937539.447266,0.1225166304587492
1772937539.4472742,0.3220222550603139
1772937539.4472823,-0.10114851995528266
1772937539.4472902,-0.8997810386423224
1772937539.4472983,-1.5308939476764771
1772937539.4473064,-1.6599189642802257
1772937539.4473145,-1.4294653168974842
1772937539.4473226,-1.2346706028845225
1772937539.4473307,-1.260420947653518
1772937539.4473393,-1.2649462137000995
1772937539.4473476,-0.8240096871530772
1772937539.4473555,0.21478018421645168
1772937539.447366,1.5099879541880612
1772937539.447374,2.4430441118159507
1772937539.447382,2.575999371250478
1772937539.4473898,1.9576135591268027
1772937539.4473977,1.042893917059828
1772937539.447406,0.32880100491561665
1772937539.4474137,0.026318890749982813
1772937539.4474218,0.018809643610885475
1772937539.44743,0.08509872894159537
1772937539.447438,0.14411514311493137
1772937539.447446,0.29784684165653097
1772937539.4474545,0.6706916242144654
1772937539.4474628,1.2366745476253909
1772937539.447471,1.8058388011598132
1772937539.447479,2.155338113738452
1772937539.4474869,2.15639481725199
1772937539.4474947,1.799283811866937
1772937539.4475029,1.159791302725592
1772937539.4475107,0.3926977063576154
1772937539.4475188,-0.2586796189539214
1772937539.4475267,-0.5287719191156363
1772937539.4475348,-0.29326785206698275
1772937539.447543,0.2976433650888304
1772937539.4475508,0.87278548081587
1772937539.447559,1.0777041609414844
1772937539.4475667,0.8085918282832425
1772937539.447575,0.24830005241549452
1772937539.4475837,-0.30765206412507007
1772937539.4475918,-0.6683981473784983
1772937539.4476,-0.8354103340577856
1772937539.4476075,-0.9287309045922885
1772937539.4476156,-1.051436217753202
1772937539.4476235,-1.2085399045097605
1772937539.4476314,-1.3247369058278557
1772937539.4476392,-1.3287096074646503
1772937539.447647,-1.2359170613960226
1772937539.4476552,-1.1677058123549247
1772937539.4476633,-1.2850625544614147
1772937539.4476712,-1.6762835052644327
1772937539.4476795,-2.2793368761165427
1772937539.4476874,-2.9003117099395403
1772937539.4476955,-3.3184735020010194
1772937539.4477031,-3.4068724719043595
1772937539.4477112,-3.1931396730757755
1772937539.447719,-2.8285421076556694
1772937539.447727,-2.4867310966947116
1772937539.447735,-2.2555515372124
1772937539.4477427,-2.1013884650616967
1772937539.4477506,-1.9450799064879007
1772937539.4477584,-1.7869561598429846
1772937539.4477663,-1.740702644925499
1772937539.4477742,-1.900145816582756
1772937539.447782,-2.1549399573984167
1772937539.44779,-2.1859699738347524
1772937539.4477978,-1.7243997832916844
1772937539.4478064,-0.8546689444754377
1772937539.4478145,-0.027237370579511123
1772937539.6866157,-0.7295977120259137
1772937539.686669,-0.9032612552869089
1772937539.6866956,-0.9946056496482782
1772937539.6867225,-0.8719905547125182
1772937539.6867316,-0.559205505748117
1772937539.6867404,-0.21629644829775158
1772937539.6867502,0.006767795742433009
1772937539.6867592,0.09318456660729328
1772937539.6867688,0.11762273755798001
1772937539.6867783,0.10182359192549405
1772937539.6867905,-0.022395249321716576
1772937539.6868036,-0.26839498779117266
1772937539.6868124,-0.469326465534875
1772937539.6868205,-0.4038293912877013
1772937539.6868286,-0.08487892953650214
1772937539.6868367,0.15773479701449833
1772937539.6868448,-0.0066782840839265415
1772937539.6868527,-0.49844832074501577
1772937539.6868613,-0.8251427303082367
1772937539.6868694,-0.5752725759201359
1772937539.6868775,0.09947130682800469
1772937539.6868856,0.5691371598662948
1772937539.6868937,0.32538211983240556
1772937539.686902,-0.5319880332365867
1772937539.6869104,-1.4220067680431228
1772937539.6869183,-1.8493462560743874
1772937539.6869266,-1.804112296965343
1772937539.6869364,-1.6508771957720956
1772937539.6869452,-1.737254839599289
1772937539.6869535,-2.154772814306574
1772937539.686962,-2.781702514157379
1772937539.68697,-3.412599588598577
1772937539.686978,-3.822335961705987
1772937539.6869864,-3.8347430167784733
1772937539.6869948,-3.4636005934341294
1772937539.6870031,-2.977522146599132
1772937539.6870112,-2.71037711136527
1772937539.687019,-2.7464200661795566
1772937539.6870272,-2.854435218775626
1772937539.6870356,-2.808060481030475
1772937539.687044,-2.7261421077947166
1772937539.687052,-2.961716161846171
1772937539.68706,-3.5945429812076135
1772937539.6870685,-4.137598947641617
1772937539.6870768,-3.9123185099798197
1772937539.687085,-2.775854833942224
1772937539.6870928,-1.3974484787522954
1772937539.687101,-0.7104849478003549
1772937539.6871088,-1.065747498075398
1772937539.687117,-1.9529640921714606
1772937539.6871252,-2.5490525967103332
1772937539.6871333,-2.4879316575842387
1772937539.6871414,-2.0775240676613076
1772937539.6871495,-1.834443420377901
1772937539.6871576,-1.8998232879864199
1772937539.6871655,-1.9261773005284963
1772937539.6871755,-1.4733609009740614
1772937540.015002,-38595.12931902771
1772937540.0150523,-18982.937708611247
1772937540.0150857,2441.636623995298
1772937540.0153131,9890.185063785184
1772937540.0153303,3447.4516991476326
1772937540.0153432,-4522.035202973241
1772937540.0153558,-4613.482936040003
1772937540.0153685,891.5223381363436
1772937540.0153806,3890.0574855748955
1772937540.0153928,1327.2327309716397
1772937540.015405,-2361.5673298261504
1772937540.0154212,-2294.1560254150095
1772937540.015436,713.184232106243
1772937540.0154493,2257.8426521496654
1772937540.0154614,594.170701011399
1772937540.0154738,-1578.0867105381658
1772937540.015486,-1330.2960531783124
1772937540.0154984,641.9047623572816
1772937540.0155108,1473.2986043640838
1772937540.0155227,222.00062626327295
1772937540.0155356,-1150.81055035953
1772937540.015548,-788.6719683644411
1772937540.0155637,589.226304649544
1772937540.015576,988.3354527852051
1772937540.0155904,-6.494959651443991
1772937540.0156028,-864.1873345088887
1772937540.015615,-430.2213782877289
1772937540.015627,538.8646155420417
1772937540.0156412,640.8239453585658
1772937540.0156546,-159.84549422375974
1772937540.0157087,-637.8367390462442
1772937540.015721,-160.00770493315719
1772937540.0157723,487.60434466987385
1772937540.0157857,362.28744383594164
1772937540.0157979,-272.6717965219639
1772937540.01581,-441.76639842189513
1772937540.015842,60.57598693883536
1772937540.0158548,429.6436291326727
1772937540.0158675,117.19958027799905
1772937540.0159063,-360.4775216603475
1772937540.0159192,-256.20697024083864
1772937540.0159316,253.9414184212375
1772937540.0159435,359.19608737651987
1772937540.015956,-117.21734487568325
1772937540.0159953,-428.9316983823468
1772937540.0160072,-59.97371681746945
1772937540.0160196,441.71696169609265
1772937540.0160315,271.9253295412268
1772937540.0160437,-363.490901940095
1772937540.0160556,-488.9955480540958
1772937540.0160708,158.67630578547065
1772937540.0160832,636.8280318355055
1772937540.0160956,159.3321657283837
1772937540.0161097,-640.9688064659541
1772937540.0161214,-539.0865650364751
1772937540.0161333,429.4739315717393
1772937540.0161452,862.8485639971063
1772937540.0161617,4.92610502221284
1772937540.0161748,-989.7039243986012
1772937540.0161872,-590.2676462633898
1772937540.0161989,787.7758842506616
1772937540.0162108,1149.856212554046
1772937540.0162225,-223.07274927285187
1772937540.0162344,-1474.5576158148535
1772937540.0162468,-643.620739705492
1772937540.0162587,1327.7917313122225
1772937540.016271,1574.782762098333
1772937540.0163088,-597.8376913389959
1772937540.0163214,-2261.3680018689515
1772937540.0163338,-716.4825332912656
1772937540.016346,2290.777313515677
1772937540.0163584,2357.983414690206
1772937540.0163708,-1330.5313667889898
1772937540.0163856,-3892.289987981982
1772937540.0163975,-892.4271790884395
1772937540.0164094,4613.275111046176
1772937540.0164216,4521.548939658372
1772937540.0164337,-3448.6526421273093
1772937540.0164456,-9891.771856465737
1772937540.016457,-2443.158021762735
1772937540.0164692,18981.386895873304
1772937540.016482,38593.07777572615
1772937540.0400033,39196.600890716625
1772937540.0400312,19947.98994620299
1772937540.0400467,-2465.013675732418
1772937540.0690799,-10873.388423598337
1772937540.0691078,-4013.2071257058165
1772937540.2147872,42912.95035502269
1772937540.214831,23188.924938870907
1772937540.2148428,-4452.468836118963
1772937540.2148547,-15068.628891831297
1772937540.2148664,-5464.4543816010655
1772937540.2148795,6652.368348443341
1772937540.214893,6321.2942083337875
1772937540.2149065,-2802.6175113152867
1772937540.2149203,-7281.452215685792
1772937540.2149327,-2424.727564540709
1772937540.214946,3647.46963255131
1772937540.2149575,2784.347326443276
1772937540.2149687,-2642.70405743171
1772937540.2149775,-4625.232576002438
1772937540.214986,-1062.4634955863853
1772937540.2149942,2314.9875650045224
1772937540.2150023,892.4271971369926
1772937540.2150106,-2616.7901347457832
1772937540.2150187,-2937.6508001527072
1772937540.2150269,-57.97795151463861
1772937540.2150352,1344.841903566102
1772937540.2150476,-698.1288834649324
1772937540.21506,-2651.929555839086
1772937540.215071,-1285.7507886786882
1772937540.215082,1082.9741791854433
1772937540.215093,230.18347500630574
1772937540.215104,-2856.168670029215
1772937540.2151155,-2805.7976572126995
1772937540.2151363,1502.3476792562194
1772937540.2151484,3494.1540218939836
1772937540.21516,-2153.243556996015
1772937540.215171,-9228.32686546502
1772937540.2151837,-4339.288373693823
1772937540.2151957,16211.821626983818
1772937540.2152083,37750.96021900533
1772937540.2769713,863.8180288198419
1772937540.276991,5986.117798220448
1772937540.277001,2573.4777191503736
1772937540.2770095,-6969.3611837542485
1772937540.2770183,-11123.20448758634
1772937540.2770271,-811.9007486848293
1772937540.2770364,20072.568266875245
1772937540.2770448,36591.85847911321
1772937540.3652847,35906.184528595404
1772937540.3653321,18905.21114361772
1772937540.365343,-936.8454777242113
1772937540.3653538,-10022.927116620785
1772937540.365363,-6069.946974443383
1772937540.3653727,2066.519973902592
1772937540.365382,4692.335444577864
1772937540.3653913,485.33818751884206
1772937540.3654008,-4251.301406080519
1772937540.36541,-3966.9906124104727
1772937540.3654184,114.62204168093926
1772937540.3654273,2516.14309499194
1772937540.3654366,548.5473717725246
1772937540.3654456,-2828.800487124975
1772937540.3654616,-3250.085866661928
1772937540.3654735,-473.10355707906325
1772937540.3654833,1689.9652883652877
1772937540.3654923,514.1858205639212
1772937540.3655016,-2243.6672176029815
1772937540.3655112,-2896.4267653969864
1772937540.3984723,-34747.442967617026
1772937540.398501,-7161.009196881987
1772937540.398515,5701.982971691748
1772937540.3985279,-10393.746009030292
1772937540.3985405,-36719.862786544596
1772937540.544052,-6868.937733548556
1772937540.5440981,-4639.08261153952
1772937540.544124,2278.5211946433833
1772937540.544138,3822.0466344102974
1772937540.5441532,-1221.4245495588318
1772937540.544165,-5071.886619619759
1772937540.5441763,-2489.5296383612636
1772937540.5441873,2401.2417857483447
1772937540.5441985,2543.286924802865
1772937540.5442092,-2090.9581053923584
1772937540.5442195,-4771.249002760653
1772937540.5442305,-1655.9550545156312
1772937540.5442414,2818.1969702923448
1772937540.544253,2214.7176662827173
1772937540.544266,-2775.9490081804515
1772937540.5442798,-5120.525095084258
1772937540.544294,-1236.6371763194404
1772937540.5443044,3685.6070796005524
1772937540.5443144,2525.9816413691624
1772937540.5443232,-3693.7182447920945
1772937540.5443316,-6449.324963939283
1772937540.5443397,-1080.9048561739887
1772937540.544348,5929.375849094286
1772937540.544356,4348.010363710365
1772937540.544364,-5938.981848882357
1772937540.5443726,-12214.5859349459
1772937540.544381,-2380.6214279268747
1772937540.5443888,20228.976628912435
1772937540.544397,38148.69488707051
1772937540.681626,2581.272264804613
1772937540.6816761,9383.871048410561
1772937540.6816983,3041.432614861685
1772937540.6817076,-18129.429387709282
1772937540.681716,-38724.8629768571
1772937540.6817243,-40143.4161918462
1772937540.6817336,-20353.131705436637
1772937540.681742,3202.985147502056
1772937540.6817505,11710.168203786561
1772937540.6817589,3740.5181433790312
1772937540.681767,-6183.131918588014
1772937540.681775,-5875.565963612313
1772937540.6817832,1833.8178264831618
1772937540.6817918,5719.795693191484
1772937540.6818,1450.5080953957736
1772937540.681808,-4135.562002784071
1772937540.6818163,-3454.553545578952
1772937540.6818247,1834.7319372438262
1772937540.6818347,4098.446503134939
1772937540.6818435,541.4187857508282
1772937540.6818516,-3477.4556244072137
1772937540.6818595,-2394.385824084024
1772937540.681868,1948.839000801664
1772937540.6818762,3328.4545734475128
1772937540.681884,-17.116198386784642
1772937540.6818924,-3187.8565455145445
1772937540.6819005,-1749.182311781663
1772937540.6819084,2105.8283015403154
1772937540.732827,2870.326677239668
1772937540.7328486,-447.2054119405756
1772937540.7328622,-3056.9905282278996
1772937540.732874,-1274.401511651489
1772937540.7328837,2299.7375657375756
1772937540.7328928,2559.390937125505
1772937540.7329018,-837.7175669772932
1772937540.7329104,-3024.389039919223
1772937540.7329192,-874.8513941846393
1772937540.7329278,2541.481691233003
1772937540.7329369,2328.200734038842
1772937541.181764,147.76844400722686
1772937541.1817951,-1358.8505391309488
1772937541.181814,-923.9856476722491
1772937541.1818333,775.9708676230265
1772937541.1818526,1338.713028384468
1772937541.1818717,24.059204062296253
1772937541.181891,-1279.4402808155276
1772937541.18191,-761.7080774819625
1772937541.181934,800.2005667354341
1772937541.1819522,1202.1423711703308
1772937541.181959,-81.48563008819777
1772937541.181965,-1215.4826469883424
1772937541.1819708,-623.1234112711968
1772937541.1819768,825.0896861253989
1772937541.1819828,1086.6590396755207
1772937541.1819887,-176.46970645042137
1772937541.181995,-1165.7806669591182
1772937541.1820009,-504.0991021891162
1772937541.1820066,849.9517919610499
1772937541.1820123,988.7110056088148
1772937541.1820183,-259.4347447878013
1772937541.1820245,-1122.317323926295
1772937541.1820302,-398.0942291224455
1772937541.182036,872.0657812934924
1772937541.182042,898.4623569355969
1772937541.1820476,-337.813698529874
1772937541.182053,-1084.019459870243
1772937541.1820593,-298.4119984976309
1772937541.1820648,896.9982371990174
1772937541.1820707,817.6776687080148
1772937541.1820765,-411.11269097498763
1772937541.1820824,-1049.2767879766207
1772937541.182088,-203.7738381626434
1772937541.1820939,922.8590345114599
1772937541.1820996,741.4757438718913
1772937541.1821055,-483.82649281177765
1772937541.1821115,-1019.557275290858
1772937541.1821182,-113.28923197195552
1772937541.1821249,950.8113061902433
1772937541.1821306,671.0034501900801
1772937541.1821363,-553.4177798480039
1772937541.1821423,-990.9804001585397
1772937541.182148,-24.756948316619265
1772937541.182154,978.1349687879423
1772937541.1821597,599.1155193217629
1772937541.1821656,-627.0097110259665
1772937541.1821713,-966.2850884229983
1772937541.1821773,64.05096105880837
1772937541.182183,1009.4313338525302
1772937541.1821895,530.4938782592802
1772937541.1821957,-700.1174799888643
1772937541.1822014,-941.2531122562064
1772937541.182207,155.11295439980728
1772937541.1822128,1041.7914558455893
1772937541.1822188,457.50850484890015
1772937541.1822245,-781.0318561824172
1772937541.1822305,-920.2795420916893
1772937541.182236,248.77766102087574
1772937541.182242,1077.4766191367826
1772937541.1822474,381.94553335512035
1772937541.1822531,-867.5708569102194
1772937541.182259,-898.8406931279064
1772937541.1822648,350.8457168689426
1772937541.1822703,1119.5113527338683
1772937541.1822762,301.8234849569779
1772937541.1822824,-963.7164864145843
1772937541.1822884,-877.7281549478313
1772937541.1822948,464.9570837531104
1772937541.1823006,1172.064148601248
1772937541.1823063,218.37716188654443
1772937541.1823123,-1069.4534175328147
1772937541.182318,-854.486848374303
1772937541.1823242,594.4054729459104
1772937541.18233,1232.1289400260328
1772937541.1823356,118.83416616480729
1772937541.1823416,-1199.900480796732
1772937541.1823475,-834.4645721804798
1772937541.1823535,746.425070358608
1772937541.1823597,1309.1785015046596
1772937541.182366,4.475820594607969
1772937541.1823716,-1358.692080841904
1772937541.1823776,-814.3362255361607
1772937541.1823835,932.8190089220882
1772937541.1823924,1408.5550461769305
1772937541.1824007,-137.94457262781089
1772937541.1824095,-1566.0990296306102
1772937541.182418,-795.8948725370285
1772937541.1824267,1175.7961245056583
1772937541.1824355,1549.185130386458
1772937541.1824439,-319.5117668463357
1772937541.1824524,-1848.5649309428718
1772937541.1824608,-777.3972649099281
1772937541.1824691,1516.1576485341518
1772937541.1824777,1760.1734201713796
1772937541.1824863,-575.2837119743393
1772937541.1824954,-2275.4794506878097
1772937541.1825044,-767.3002557850733
1772937541.1825128,2038.9966491923499
1772937541.1825213,2113.0391463262954
1772937541.18253,-975.7914589956769
1772937541.1825387,-3004.593062714741
1772937541.1825478,-777.3226346453866
1772937541.1825566,2983.4617969797114
1772937541.1825652,2820.86632710631
1772937541.182574,-1737.7179303723783
1772937541.1825829,-4578.16950201404
1772937541.1825912,-888.144827500368
1772937541.1826005,5287.898865421727
1772937541.182609,4905.800157340092
1772937541.4527233,1283.0438275730053
1772937541.4527776,50.680529993109175
1772937541.4528103,-190.67873415791507
1772937541.4528384,916.5885812553631
1772937541.4528596,1829.7883600964476
1772937541.45287,1254.2148476661066
1772937541.45288,-22.6374696149925
1772937541.4528902,-207.4435685820052
1772937541.4529,981.6283733993553
1772937541.4529088,1887.9960375245605
1772937541.4529176,1222.6217914028916
1772937541.4529266,-104.7027860018185
1772937541.4529436,-227.7884953688402
1772937541.4529521,1054.2735312284458
1772937541.4529617,1956.1127122692717
1772937541.4529755,1189.9807402717001
1772937541.452986,-198.30699231172073
1772937541.4529953,-255.44995597073122
1772937541.453004,1133.1571136647706
1772937541.4530127,2034.4247895713477
1772937541.453022,1155.674461255528
1772937541.4530306,-304.2983971007266
1772937541.4530394,-287.3548976731443
1772937541.4530482,1226.8836125346493
1772937541.453057,2131.881485176694
1772937541.4530656,1121.6887190700106
1772937541.4530747,-428.15075969227485
1772937541.4530845,-328.88676884897137
1772937541.4530935,1336.1822664838953
1772937541.4531028,2251.3174418411386
1772937541.4531116,1083.7499866676255
1772937541.4531202,-582.5574807310605
1772937541.4531288,-391.0030220418513
1772937541.4531376,1460.8029606561072
1772937541.4531465,2398.2679112531837
1772937541.4531553,1040.6265006081783
1772937541.4531639,-776.513558886692
1772937541.4531727,-474.81293745059327
1772937541.4531815,1619.3539987085103
1772937541.45319,2598.2355179111296
1772937541.453199,998.2520775654928
1772937541.4532075,-1028.999540667352
1772937541.4532163,-596.3669601233951
1772937541.453225,1825.0253481359584
1772937541.453235,2877.6631807242657
1772937541.453244,952.2364470167335
1772937541.4532533,-1384.7081590398507
1772937541.453262,-787.7836128033072
1772937541.4532704,2111.2949308396132
1772937541.4532795,3304.447108841596
1772937541.453288,908.6155158526357
1772937541.453297,-1930.9310747337192
1772937541.4533055,-1120.5564503078074
1772937541.4533143,2550.877930758849
1772937541.453323,4038.171243748913
1772937541.4533317,878.8386667376258
1772937541.4533405,-2907.5101348580683
1772937541.4533496,-1805.6452328681062
1772937541.4533584,3365.736072189996
1772937541.4533672,5625.854550364375
1772937541.4533758,944.2629407623625
1772937541.4533844,-5255.6285292284
1772937541.4533932,-3868.652163106571
1772937541.4534023,5578.9327795915515
1772937541.453411,11582.919627920586
1772937541.4534197,2365.0514740120966
1772937541.4534283,-19667.468292776113
1772937541.8271892,-2.2325039540563774
1772937541.8272307,-2.881834538993073
1772937541.8272567,-3.380101190790644
1772937541.827283,-3.688615111247041
1772937541.82731,-3.7451822205748164
1772937541.8273365,-3.556154226508801
1772937541.8273644,-3.285990674003065
1772937541.82739,-3.14064996043728
1772937541.8274157,-3.127098099039264
1772937541.8274243,-3.01259284551527
1772937541.8274329,-2.6061160366840896
1772937541.8274407,-2.0447699789653173
1772937541.8274548,-1.6900799532735191
1772937541.8274632,-1.7032536862418597
1772937541.8274715,-1.814973058302818
1772937541.8274794,-1.6195831891442916
1772937541.8274877,-1.0753128527256341
1772937541.8274956,-0.5898606841862202
1772937541.8275046,-0.5433485019238142
1772937541.8275137,-0.8030544951245312
1772937541.8275216,-0.8378516930374225
1772937541.82753,-0.3391468541385954
1772937541.8275385,0.367039853469244
1772937541.8275464,0.6142241706933103
1772937541.8275545,0.08325292686628638
1772937541.8275626,-0.8746851538310368
1772937541.827571,-1.6111142740772368
1772937541.8275788,-1.8042865190304087
1772937541.827587,-1.6582623897240854
1772937541.8275952,-1.5288478607775893
1772937541.827603,-1.4615706171715828
1772937541.8276114,-1.1654107075845486
1772937541.8276196,-0.41846060719077766
1772937541.827628,0.564003839118021
1772937541.8276362,1.2013712437266855
1772937541.8276453,1.0029362777726787
1772937541.827654,-0.00836322189446139
1772937541.8276625,-1.2728926123518487
1772937541.8276703,-2.0924765345364396
1772937541.8276784,-2.1322689827357966
1772937541.8276863,-1.6300461079906847
1772937541.8276944,-1.1457006765775073
1772937541.8277023,-1.0579640211134547
1772937541.827711,-1.2406876182983941
1772937541.8277192,-1.2085235639980765
1772937541.8277276,-0.6004559953143297
1772937541.8277357,0.44858498347707
1772937541.827744,1.3921685899994392
1772937541.8277524,1.7234414324011909
1772937541.8277605,1.3759823393603332
1772937541.8277688,0.7433905244158466
1772937541.8277764,0.34983441033327034
1772937541.8277845,0.46481328523636867
1772937541.827793,0.927106967562453
1772937541.8278008,1.2593538932665584
1772937541.8278089,1.0026031506063602
1772937541.8278167,0.09557297227405606
1772937541.8278253,-0.9643958130870321
1772937541.827833,-1.394459749046593
1772937541.8278413,-0.7387433321193876
1772937541.8278491,0.6622419032745275
1772937541.8278568,1.841330208828262
1772937541.827865,1.9718136281966945
1772937541.8278725,1.0675171877628291
1772937541.827881,-0.05707315304657903
1772937541.8278897,-0.5341851555570594
1772937541.8278975,-0.1646635512405772
1772937541.8279054,0.5519699255227692
1772937541.8279135,0.999621438385391
1772937541.8279219,0.9785381676928128
1772937541.8279305,0.7135991639870406
1772937541.8279383,0.4993492624088495
1772937541.8279464,0.45216352395896425
1772937541.8279543,0.5528081912532629
1772937541.8279624,0.766389948451082
1772937541.8279705,1.0377548042656282
1772937541.8279788,1.2532769410436368
1772937541.827987,1.3329225596364482
1772937541.8279953,1.3585875753614813
1772937541.8280032,1.493240984464374
1772937541.828011,1.7112344810642943
1772937541.828019,1.705155019988626
1772937541.8280272,1.2037708704658152
1772937541.828035,0.38991915390792287
1772937541.8280427,-0.14215944700002928
1772937541.8280509,0.032571511874016565
1772937541.8280587,0.6725385234786319
1772937541.8280668,1.0848891653187311
1772937541.8280747,0.8834726228491456
1772937541.8280828,0.4357485297179405
1772937542.01499,-1711.168506214024
1772937542.01504,-2138.2284077245968
1772937542.0150535,-613.5646950871783
1772937542.0150678,759.0278158810851
1772937542.0150783,1.4554544030343293
1772937542.015087,-1895.2265218479401
1772937542.0150952,-2257.0136319816543
1772937542.0151036,-488.21010458417004
1772937542.015112,970.6396952928235
1772937542.015121,-0.23341600836190354
1772937542.015129,-2131.884921757723
1772937542.0151374,-2411.58577708609
1772937542.0151458,-328.3698440336392
1772937542.015154,1245.4197687294645
1772937542.0151625,-0.8093141141297981
1772937542.0151715,-2441.863741583718
1772937542.01518,-2614.5361541283055
1772937542.0151885,-109.48427857310767
1772937542.0151966,1623.2116111247446
1772937542.015205,1.2704986057548135
1772937542.015214,-2872.9248123895686
1772937542.0152225,-2902.097888358145
1772937542.015231,201.93272936177894
1772937542.0152392,2170.191539016267
1772937542.015247,2.0879248215965514
1772937542.0152595,-3523.079010242001
1772937542.0152724,-3343.0987645842024
1772937542.0152836,691.713871092491
1772937542.015299,3048.446234397653
1772937542.0153184,0.2817312953698142
1772937542.0153315,-4631.131896083936
1772937542.015344,-4119.964474449492
1772937542.0153573,1580.2697399169938
1772937542.01537,4713.045508516188
1772937542.0153823,1.1042483887257897
1772937542.0153952,-6948.409776707923
1772937542.0154088,-5852.7806798465235
1772937542.0154216,3725.381141786474
1772937542.0154355,9124.874102090746
1772937542.0154495,0.37400576902577626
1772937542.0154583,-15025.154781205736
1772937542.0154672,-13335.975110923679
1772937542.0154755,16542.40899882155
1772937542.01549,57498.725196810425
1772937542.0310376,76677.16900498742
1772937542.5000484,19422.63865073413
1772937542.5001092,-1646.1190863657328
1772937542.5001433,-9855.785001292203
1772937542.5001788,-4237.326208826341
1772937542.5002084,4010.526956577218
1772937542.5002537,5113.376271640823
1772937542.5002832,-63.4118743062985
1772937542.500353,-3898.6030866290703
1772937542.5003676,-2180.0743547890697
1772937542.5003824,1853.6480685573522
1772937542.5003934,2862.0914995465155
1772937542.5004025,154.99346684135114
1772937542.5004113,-2312.050200665199
1772937542.50042,-1518.3425922614153
1772937542.500429,1073.3142986672972
1772937542.500438,1977.4391136151169
1772937542.5004518,276.18966137722344
1772937542.500462,-1577.643832829316
1772937542.500493,-1230.814492456864
1772937542.500502,645.0683020624714
1772937542.500511,1525.9040061339626
1772937542.5005195,388.2674658137057
1772937542.5005612,-1152.1952015292738
1772937542.5005703,-1108.1639593347381
1772937542.5005789,349.47506596285814
1772937542.5005877,1272.46987472178
1772937542.500596,514.9683151352106
1772937542.500605,-869.6047800498968
1772937542.5006151,-1080.560282694288
1772937542.500625,112.64195918892801
1772937542.5006335,1136.0176029393901
1772937542.500642,669.4103212365202
1772937542.500651,-668.8439205293228
1772937542.5006597,-1135.0644023954915
1772937542.5006683,-111.10844476944806
1772937542.500677,1082.5242760204644
1772937542.500686,871.5228366002464
1772937542.5007238,-513.6312859305098
1772937542.5007327,-1271.9258940644036
1772937542.5007415,-349.4223953630795
1772937542.50075,1108.3666012408294
1772937542.500759,1153.1411717496983
1772937542.5007675,-386.3194443133244
1772937542.5007763,-1523.0627977524389
1772937542.5007849,-641.6858159142914
1772937542.5007944,1234.2902367660085
1772937542.5008037,1580.8355926305742
1772937542.5008123,-273.3815351286591
1772937542.500821,-1974.729119534968
1772937542.5008297,-1070.222189540789
1772937542.5008385,1522.0618011638705
1772937542.50085,2316.123087242346
1772937542.500867,-151.1698795864049
1772937542.5008848,-2858.9496332287217
1772937542.5008996,-1851.1644663635298
1772937542.5009532,2182.161351077616
1772937542.500966,3900.3839568572907
1772937542.5009756,64.74235125995934
1772937542.5009856,-5112.514317919204
1772937542.5009944,-4009.7495370833603
1772937542.5010035,4238.533918696282
1772937542.501012,9857.462230308462
1772937542.501064,1647.582647391787
1772937542.5010748,-19422.323269428016
1772937542.5010877,-38079.18306423749
1772937542.5010989,-460.7262060695267
1772937542.5011103,-1959.0080658362804
1772937542.5011213,-1781.953531825257
1772937542.5011325,-167.08462323530392
1772937542.501144,612.0464885832216
1772937542.5011568,-556.7741170296293
1772937542.5011716,-2038.8365016885261
1772937542.5011845,-1736.2437884346257
1772937542.5011983,-54.14580530133838
1772937542.501212,639.6244970196655
1772937542.5012257,-656.2545962964255
1772937542.5012343,-2133.7674357717065
1772937542.5012436,-1694.204701013183
1772937542.5012536,75.46076963825821
1772937542.5012677,683.37157559727
1772937542.5012813,-763.2766501742601
1772937542.5012903,-2251.0245258983364
1772937542.5013,-1657.3818772212448
1772937542.5013092,227.10474060636218
1772937542.5013185,746.909207671808
1772937542.5013316,-882.4502727799662
1772937542.501345,-2396.844812876716
1772937542.5013587,-1621.3688096516728
1772937542.501373,414.9414964686885
1772937542.5013864,836.1379525644066
1772937542.5014005,-1029.7820713446274
1772937542.5014143,-2596.9515191516093
1772937542.5014284,-1594.329129441185
1772937542.5014925,655.4071161215156
1772937542.5015016,965.4767823280649
1772937542.5015104,-1219.305771149036
1772937542.5015192,-2878.5335200113227
1772937542.5015278,-1572.107192528593
1772937542.5015364,995.2053791332311
1772937542.5015452,1172.3186241834499
1772937542.501554,-1477.6132531429587
1772937542.5015628,-3304.3735772048085
1772937542.5015714,-1559.3356934761146
1772937542.501609,1520.5094098905545
1772937542.5016184,1526.9582563026077
1772937542.5016277,-1877.8807345425869
1772937542.5016363,-4034.65367858461
1772937542.501645,-1568.3232010885645
1772937542.5016537,2471.509237134192
1772937542.5016623,2242.377256338649
1772937542.5016713,-2641.1695238655243
1772937542.5016797,-5620.236913039813
1772937542.501688,-1688.4211544908262
1772937542.5016963,4782.760494870309
1772937542.5017052,4343.436455324074
1772937542.5017142,-4787.465820549395
1772937542.5017233,-11575.716302897847
1772937542.5017316,-3183.110066219016
1772937542.50174,19143.946019603245
1772937542.5017488,38356.06069673527
1772937542.9838023,-2245.5831065520288
1772937542.9838445,-1215.4540539453476
1772937542.9838789,-628.2852593320739
1772937542.9839077,-1315.8238829363754
1772937542.983943,-2313.136978149758
1772937542.9839761,-2211.8501772576883
1772937542.9840047,-1148.0697710521101
1772937542.9840336,-620.0805814313965
1772937542.9840622,-1379.1821526495871
1772937542.9840908,-2361.5860788251125
1772937542.9841192,-2179.076373417478
1772937542.984136,-1080.3360138156363
1772937542.98415,-612.8896260810409
1772937542.9841616,-1444.4467367260672
1772937542.9841704,-2409.7611147867806
1772937542.9841795,-2142.9621666112207
1772937542.984188,-1009.7255547533631
1772937542.984197,-607.054977539897
1772937542.9842057,-1513.8753552834514
1772937542.9842145,-2459.345085553786
1772937542.9842231,-2102.7568961641136
1772937542.9842343,-933.3842248800657
1772937542.9842484,-599.441287563203
1772937542.9842632,-1585.4910073217866
1772937542.9842749,-2509.8588888913064
1772937542.9842896,-2059.6111186616704
1772937542.9843042,-854.6109011269353
1772937542.9843132,-595.3675678021776
1772937542.9843223,-1664.6410520390054
1772937542.984331,-2563.755562568946
1772937542.9843397,-2011.946099962772
1772937542.9843507,-769.7714160445164
1772937542.9843645,-592.2390966749401
1772937542.9843786,-1750.8427310459092
1772937542.9843924,-2621.1928335957687
1772937542.9844022,-1959.0728027526757
1772937542.984411,-677.8562642337981
1772937542.9844198,-590.0700049964208
1772937542.9844303,-1844.787443317058
1772937542.9844391,-2681.59536513639
1772937542.984448,-1898.5172787670622
1772937542.9844575,-576.7371188948867
1772937542.9844673,-589.6742670878668
1772937542.9844768,-1949.614595385407
1772937542.9844859,-2747.093498413438
1772937542.9844947,-1829.7595653466688
1772937542.9845035,-465.6906239905779
1772937542.984512,-593.2589722008153
1772937542.9845212,-2069.31343613704
1772937542.98453,-2818.633149400188
1772937542.9845386,-1748.386558345375
1772937542.984548,-338.80198599005865
1772937542.984557,-599.0505982701723
1772937542.9845676,-2206.5905517944434
1772937542.9845765,-2898.397062985791
1772937542.9845848,-1653.2369006626275
1772937542.9845936,-195.51301892935612
1772937542.9846022,-612.1254755747972
1772937542.9846108,-2369.5474726008392
1772937542.98462,-2988.567644167373
1772937542.984629,-1536.7628589697895
1772937542.9846373,-26.267454353115987
1772937542.984646,-631.0760345701233
1772937542.9846544,-2563.702231784055
1772937542.984664,-3090.00352920915
1772937542.9846733,-1389.7875232844008
1772937542.9846823,177.56597861748935
1772937542.984691,-661.3020759547353
1772937542.9846995,-2804.5845618360077
1772937542.984708,-3209.0434242426077
1772937542.9847171,-1200.4772998576398
1772937542.984726,429.3500309737197
1772937542.9847343,-709.62064993681
1772937542.984743,-3113.4916507975804
1772937542.9847517,-3351.281672238351
1772937542.9847603,-945.9076604989655
1772937542.9847686,750.9791241767898
1772937542.9847772,-791.8165848481472
1772937542.9847858,-3531.2403930038013
1772937542.9847941,-3525.6929746284586
1772937542.984803,-578.3464539900357
1772937542.9848113,1190.9667240449066
1772937542.9848206,-931.8455526310962
1772937542.9848294,-4134.428541861683
1772937542.9848382,-3750.9403465355977
1772937542.9848468,-6.1534561308922715
1772937542.9848554,1837.3207544652473
1772937542.984864,-1202.5188312144003
1772937542.9848723,-5111.312396567131
1772937542.9848807,-4065.597741080847
1772937542.9848893,1023.093505757368
1772937542.9848979,2943.40604975262
1772937542.9849064,-1808.31401366498
1772937542.9849148,-7042.874448195114
1772937542.984923,-4587.024255703903
1772937542.9849317,3478.3434798977455
1772937542.98494,5605.175276141888
1772937542.9849486,-3762.672529586311
1772937542.984957,-13540.003828941673
1772937542.984966,-6665.087779260482
1772937542.9849749,18112.41656249038
1772937542.9849834,40510.782439971874
1772937542.984992,39104.76626752975
1772937542.9850006,15384.672475517933
1772937542.9850092,-7594.930709971739
1772937542.9850178,-11157.18144555532
1772937542.9850264,-480.31961254211484
1772937542.9850352,5392.8349151141865
1772937542.9850438,-1050.638006890665
1772937542.9850526,-8031.07159165762
1772937542.9850612,-3481.690107948342
1772937542.98507,6031.758189385135
1772937542.9850807,3780.5014296673958
1772937542.9850955,-11046.462567648743
1772937542.9851096,-15735.068291596199
1772937542.9851189,10189.457769199133
1772937542.9851277,55098.74605221841
1772937542.985136,80654.87488173229
1772937543.4658115,20752.073033116296
1772937543.4658587,-3520.4131726894366
1772937543.4658818,-13161.091351543297
1772937543.465906,-5389.883770677133
1772937543.4659257,5388.581900021399
1772937543.4659455,5901.586757601736
1772937543.465965,-1979.3904621519653
1772937543.4659848,-6779.568183186627
1772937543.4660044,-3044.293137653259
1772937543.4660213,3045.1185562139376
1772937543.4660385,3289.594901709414
1772937543.4660563,-1820.8031288874877
1772937543.4660714,-4915.919579203373
1772937543.4660847,-2159.245458068557
1772937543.4660988,2156.377764580273
1772937543.4661217,2134.404866584584
1772937543.4661348,-1775.1547159280585
1772937543.4661489,-3984.187816734804
1772937543.4661624,-1675.0685400146162
1772937543.4661715,1673.835581036222
1772937543.4661803,1465.4602662454372
1772937543.4661894,-1751.9260651743014
1772937543.4662,-3406.672192205513
1772937543.4662108,-1361.1817068578853
1772937543.46622,1363.1059697448752
1772937543.4662287,1016.8283673337586
1772937543.4662373,-1743.3334709189849
1772937543.4662468,-3013.1686090306853
1772937543.4662695,-1143.168177045823
1772937543.4662783,1140.25909278755
1772937543.4662871,691.2765859673833
1772937543.466296,-1736.9342294441683
1772937543.4663043,-2719.1336612717437
1772937543.4663134,-976.322539131742
1772937543.466328,974.0485732767507
1772937543.466342,443.76599273863434
1772937543.466355,-1730.163767729158
1772937543.4663644,-2487.3509098454438
1772937543.4663732,-843.0235542885955
1772937543.4663827,842.1181383186521
1772937543.466392,242.8410894567108
1772937543.4664009,-1729.792394558765
1772937543.4664097,-2304.0871844074204
1772937543.4664185,-736.2112584325554
1772937543.466427,735.1352655983287
1772937543.466436,80.4305068881074
1772937543.4664445,-1725.540893191814
1772937543.4664533,-2148.161972576201
1772937543.466462,-645.5052722447329
1772937543.4664707,643.9588032634929
1772937543.4664798,-59.61785224794597
1772937543.466489,-1724.6645608071037
1772937543.4665003,-2016.7032375250058
1772937543.4665093,-568.0925681351567
1772937543.466518,565.8760403711847
1772937543.4665267,-180.00812196704325
1772937543.4665356,-1723.032692492872
1772937543.4665444,-1900.9372938363301
1772937543.4665527,-498.85409259170063
1772937543.4665616,498.76401634099125
1772937543.46657,-285.22963661749475
1772937543.4665787,-1721.4866579901125
1772937543.4665873,-1798.5694210411052
1772937543.466596,-437.58530768258123
1772937543.4666047,438.47199513644375
1772937543.4666135,-380.2588185158558
1772937543.4666226,-1721.606779219609
1772937543.466631,-1708.2891480836763
1772937543.4666405,-383.86802105084934
1772937543.4666493,383.18982664334436
1772937543.4666579,-466.0235629161536
1772937543.4666681,-1720.0511508621885
1772937543.4666767,-1623.3708942067167
1772937543.4666853,-331.8797313991554
1772937543.466694,334.86601688541987
1772937543.4667034,-543.6868510054555
1772937543.466712,-1718.890511427022
1772937543.4667208,-1546.3181287616417
1772937543.4667292,-285.5906806511109
1772937543.4667375,288.20662695469366
1772937543.4667468,-617.627829045588
1772937543.466756,-1719.5423621572772
1772937543.4667647,-1476.0546796957651
1772937543.4667733,-243.56373888786604
1772937543.466787,244.09850150292692
1772937543.4668007,-686.1198269026856
1772937543.4668133,-1717.8639275214432
1772937543.466822,-1406.7931658897048
1772937543.4668305,-201.23868223166372
1772937543.4668388,203.54052323253262
1772937543.4668474,-751.662902122572
1772937543.466856,-1718.1248061337906
1772937543.4668648,-1343.0317157279505
1772937543.4668734,-162.6337490274572
1772937543.466882,163.59316415023838
1772937543.4668913,-815.2562627987445
1772937543.4668996,-1719.0545740487007
1772937543.4669092,-1282.1561167428213
1772937543.466918,-125.27111545976112
1772937543.4669266,126.03792683027359
1772937543.4669352,-875.0946814904148
1772937543.4669437,-1718.1222301913328
1772937543.4669576,-1221.5533321593048
1772937543.4669707,-88.0902792666523
1772937543.4669836,89.38628549171204
1772937543.4669924,-934.6260232378123
1772937543.4670007,-1719.278368781119
1772937543.4670095,-1164.6390508955744
1772937543.467018,-53.634095028241866
1772937543.4670274,52.32223780091037
1772937543.4670365,-993.2202241888984
1772937543.467045,-1719.5688457788438
1772937543.4670537,-1106.8961631356403
1772937543.467062,-17.367687565907836
1772937543.4670703,18.318737252483146
1772937543.4670792,-1048.4326036526159
1772937543.4670875,-1717.15683669834
1772937543.467096,-1047.414018240377
1772937543.4671047,19.573581482247917
1772937543.5761871,-16.429835043487138
1772937543.5762153,-1105.5170277705456
1772937543.5762255,-1717.1812536245154
1772937543.576234,-989.8566250214766
1772937543.5762424,56.04305508837639
1772937543.5762513,-50.11620524566481
1772937543.5762591,-1161.4333652601326
1772937543.5762725,-1716.3492457921298
1772937543.5762827,-932.2265671791546
1772937543.576291,90.90023327404354
1772937543.5762997,-87.28556437841058
1772937543.5763075,-1220.5849854418607
1772937543.5763159,-1716.145335599133
1772937543.5763245,-872.1678290079329
1772937543.5763328,128.95791955813766
1772937543.5763412,-123.30031118267402
1772937543.5763493,-1281.272309875548
1772937543.5763571,-1718.7429968011372
1772937543.5763652,-815.0944575651833
1772937543.576374,163.57179201322165
1772937543.5763826,-162.97997648313643
1772937543.5763905,-1343.5398557736776
1772937543.5763988,-1718.5035630989084
1772937543.576407,-752.0098410711217
1772937543.576415,202.6728655277381
1772937543.653545,-203.021928101136
1772937543.6535716,-1409.129125141452
1772937543.6535847,-1719.789933815766
1772937543.653597,-686.8527196342433
1772937543.65361,244.59087163999678
1772937543.6536217,-242.41816629445555
1772937543.6536329,-1474.8910451955553
1772937543.653644,-1718.739802069955
1772937543.6536553,-617.3553505302518
1772937543.6536665,287.90409565016535
1772937543.653678,-286.3330148629518
1772937543.6536932,-1547.200053572103
1772937543.653706,-1719.7057725518
1772937543.6537175,-544.5622283693091
1772937543.7629251,333.80031623457677
1772937543.7629535,-333.60472458010724
1772937543.762964,-1625.4497510705914
1772937543.7629728,-1721.7094282325695
1772937543.7629812,-466.69300389421454
1772937543.76299,383.4508628111505
1772937543.7629983,-383.1114799371668
1772937543.7630074,-1707.353566274196
1772937543.7630157,-1720.5982102476908
1772937543.7630262,-379.3846932830438
1772937543.763036,438.783627314582
1772937543.7630444,-438.1026087198122
1772937543.7630525,-1799.60499670706
1772937543.7630606,-1722.3447347956012
1772937543.763069,-285.5312864284941
1772937543.7630787,498.6809558886046
1772937543.7630951,-499.3380147690623
1772937543.7631092,-1901.911235756563
1772937543.7631211,-1723.8164127109071
1772937543.7631352,-179.80160305797844
1772937543.7631457,567.1547744462971
1772937543.7631538,-566.4933491816723
1772937543.763162,-2015.659690616364
1772937543.7631702,-1724.4105898677337
1772937543.7631783,-59.67936681379494
1772937543.9185698,-36302.700784536435
1772937543.9186237,-18936.45388384681
1772937543.9186437,90.96772523551108
1772937543.918653,8400.82812416111
1772937543.9186616,4978.5412941647355
1772937543.9186702,-2031.4239616104983
1772937543.9186783,-4680.609740056198
1772937543.9186869,-1752.3496719922302
1772937543.9186952,2330.7188605122815
1772937543.918703,3135.478602864675
1772937543.9187117,392.6346522982793
1772937543.9187195,-2490.781792379755
1772937543.9187276,-2309.429328835802
1772937543.9187365,589.9062767386922
1772937543.9187448,2755.3449399528768
1772937543.918753,1537.616594085688
1772937543.9187613,-1682.70410340008
1772937543.9187691,-2901.5315311015625
1772937543.9187772,-375.607858261196
1772937543.918785,2857.222789669404
1772937543.9187934,2500.6505289397996
1772937543.9188015,-1326.924019934738
1772937543.9188097,-3720.6838427485754
1772937543.9188178,-1180.3484328848035
1772937543.918826,3328.2098213951294
1772937543.918834,3682.9388460289197
1772937543.9188423,-1183.851381403618
1772937543.9188504,-5055.45351108708
1772937543.9188585,-2202.888434759654
1772937543.9188666,4356.056008334897
1772937543.918876,5731.779439736113
1772937543.918886,-1125.8702059808809
1772937543.9188945,-7930.104567585443
1772937543.9189026,-4541.509104797712
1772937543.9189107,7034.103401916964
1772937543.9189188,12284.431327148348
1772937543.9189267,80.44149969857408
1772937543.9189348,-23207.642566668503
1772937543.9189427,-38768.811764525904
1772937544.0531132,1382.9827408254184
1772937544.0531447,-1271.540904939752
1772937544.0531552,-1107.4231166128
1772937544.053166,1721.6107299532066
1772937544.0531757,3290.281288711275
1772937544.0531907,1323.8306049838886
1772937544.053199,-1524.6699236783709
1772937544.0532074,-1232.0291730175084
1772937544.0532153,1946.0857428783133
1772937544.0532236,3619.328561338303
1772937544.053232,1285.2810663312944
1772937544.05324,-1975.7581745745802
1772937544.0532484,-1519.311514849685
1772937544.0532568,2318.3474273472457
1772937544.053265,4274.370876406424
1772937544.0532734,1281.7634878340186
1772937544.0532813,-2858.695291801777
1772937544.0532892,-2179.881230665681
1772937544.0532973,3051.30626219206
1772937544.0533051,5790.8212621574885
1772937544.0533152,1389.4169532095877
1772937544.053324,-5112.9038214493585
1772937544.053332,-4236.385338729417
1772937544.05334,5170.2804049850065
1772937544.0533483,11690.259086196656
1772937544.0533564,2880.365261625295
1772937544.0533645,-19420.490563253923
1772937544.0692308,-38213.7634900513
1772937544.2508557,2134.7783175459313
1772937544.2509055,1784.7438425249486
1772937544.250934,-20.948716068356823
1772937544.250957,-736.954923821341
1772937544.2509692,678.3211890636258
1772937544.2509809,2250.9624974697963
1772937544.2510235,1739.54935983731
1772937544.2510374,-175.84081135286436
1772937544.2510524,-792.3442869317015
1772937544.2510657,809.7035167996355
1772937544.2510796,2402.2735470857388
1772937544.2510927,1701.2346273921664
1772937544.2511015,-365.9335975517806
1772937544.2511103,-878.8579841683361
1772937544.251119,960.6736194180227
1772937544.2511275,2600.835895640435
1772937544.2511404,1668.356768948523
1772937544.2511547,-610.0603750635674
1772937544.2511694,-1006.7784038454713
1772937544.2511816,1152.2293605781422
1772937544.2511904,2879.7062980732767
1772937544.251201,1639.828059357686
1772937544.2512152,-953.8578430309132
1772937544.251224,-1212.7155326136897
1772937544.2512329,1412.405215062956
1772937544.2512412,3303.539912845121
1772937544.2512498,1621.9850335727203
1772937544.2512589,-1481.9980384449357
1772937544.2512672,-1564.9558049602667
1772937544.2512765,1817.7173490277128
1772937544.2512848,4037.228605743367
1772937544.2512937,1631.9416987146806
1772937544.251302,-2432.0702997603407
1772937544.2513103,-2278.272305426788
1772937544.2513196,2582.4336456848328
1772937544.251328,5621.64546900256
1772937544.2513368,1749.5362909889802
1772937544.2513452,-4743.9218892722365
1772937544.251354,-4376.757297393248
1772937544.2513628,4732.366208223501
1772937544.2513714,11578.995350906562
1772937544.25138,3243.6807408123846
1772937544.2513888,-19106.989936671325
1772937544.2513976,-38392.23282676942
1772937544.2971017,-37885.7973630164
1772937544.2971227,-18300.692309789873
1772937544.2971327,3214.1875701609665
1772937544.297142,10753.922413630711
1772937544.2971509,4271.961801990449
1772937544.29716,-3825.071175862524
1772937544.2971735,-3958.2537809051023
1772937544.2971852,1659.3409598378844
1772937544.319172,4777.018477721801
1772937544.3191996,2168.93827004867
1772937544.3192103,-1679.5513052719193
1772937544.3192203,-1665.302309023248
1772937544.4748237,1480.7162497822255
1772937544.474854,3173.541860460529
1772937544.4748642,1452.3246807671228
1772937544.4748733,-918.4218379729065
1772937544.4748816,-735.1272445032952
1772937544.4748905,1411.273649615799
1772937544.4749007,2423.3186597933914
1772937544.4749115,1097.9311727907839
1772937544.47492,-517.4206841946142
1772937544.4749284,-228.5142584335798
1772937544.4749365,1365.7051384075744
1772937544.47495,1981.15284504916
1772937544.4749584,889.8271133884307
1772937544.4749665,-261.62804292493547
1772937544.4749744,91.93097946027085
1772937544.4749825,1327.4009217954736
1772937544.4749904,1683.004294350916
1772937544.4749987,753.4313693805614
1772937544.4750073,-79.70218971441966
1772937544.4750152,314.5048956509519
1772937544.4750233,1293.5632228431343
1772937544.4750311,1466.7543890568159
1772937544.4750395,660.7643044609116
1772937544.47505,61.38743428095337
1772937544.4750588,478.64661901070554
1772937544.475067,1260.160642896518
1772937544.522984,35328.702292636524
1772937544.523013,9034.140390041892
1772937544.5230234,-5060.888670633832
1772937544.5230324,9045.290828210409
1772937544.5230415,35256.06103358199
1772937544.5631018,43805.42566869918
1772937544.5631268,24522.63305949271
1772937544.563137,-3434.7982146629456
1772937544.5631456,-14772.70823012927
1772937544.563157,-5304.708396635334
1772937544.563167,7540.317515619462
1772937544.563176,7853.04803297927
1772937544.5631845,-1670.3918711837791
1772937544.5631928,-7145.691602229126
1772937544.579154,-2488.961020141759
1772937544.737775,6844.334134740435
1772937544.7378166,5092.629997097683
1772937544.7378428,-2366.833385803481
1772937544.7378633,-4754.610851689287
1772937544.7378716,710.4293179231012
1772937544.73788,5800.23883854336
1772937544.737888,3478.1568471025926
1772937544.7378967,-2503.782208488654
1772937544.7379048,-3534.0095267346064
1772937544.7379131,1577.6540068414722
1772937544.7379212,5319.678697752038
1772937544.737935,2424.9590503827067
1772937544.7379444,-2773.7824531892197
1772937544.7379527,-2772.384328519342
1772937544.7379608,2347.6865301040903
1772937544.7379692,5148.68377615479
1772937544.7379775,1567.3904106629707
1772937544.7379856,-3229.831435561069
1772937544.7379937,-2246.8541558841266
1772937544.7380013,3213.8257834628726
1772937544.7380095,5247.576515316086
1772937544.7380178,693.4965156911533
1772937544.738027,-4021.204971527937
1772937544.738036,-1854.884348424656
1772937544.7380447,4461.15876093732
1772937544.7380528,5748.968207539954
1772937544.7380607,-477.5366183095797
1772937544.7380688,-5594.615522347312
1772937544.7380767,-1545.7412580870384
1772937544.7380848,6871.193792041278
1772937544.738093,7251.659804119926
1772937544.7381005,-2834.920307852292
1772937544.7381084,-9911.238060859094
1772937544.7381165,-1295.0286599865453
1772937544.7381244,14997.242742763214
1772937544.7381325,14526.514666568622
1772937544.7381403,-15816.141532219515
1772937544.7381485,-58181.73786774114
1772937544.7699616,-77760.44921350891
1772937545.23653,-57591.61554468693
1772937545.23658,-14874.639440547844
1772937545.2366102,14421.349457608245
1772937545.2366364,14050.049354078401
1772937545.2366626,-1643.3512526009824
1772937545.236689,-9161.04660364878
1772937545.2367158,-2144.9055509974164
1772937545.2367427,6837.637079081451
1772937545.23677,5995.866131116906
1772937545.2367873,-1539.0833332530094
1772937545.2367952,-4708.96340604504
1772937545.2368035,-71.64607554189675
1772937545.2368116,5026.9517960104695
1772937545.2368207,3697.592513325632
1772937545.2368293,-1459.3937051310716
1772937545.236838,-3017.6471908339263
1772937545.236846,763.2691754076178
1772937545.236854,4200.300104022318
1772937545.2368624,2613.438648866414
1772937545.2368708,-1401.5800915934853
1772937545.2368789,-2126.0215776137866
1772937545.236887,1210.5594819456917
1772937545.236895,3726.886564966388
1772937545.2369032,1981.6577849436965
1772937545.2369113,-1367.8630309349412
1772937545.2369192,-1581.2506985146647
1772937545.2369275,1494.8077932172157
1772937545.2369356,3432.222451834413
1772937545.2369437,1569.2626342673484
1772937545.2369516,-1359.4162855377404
1772937545.2369747,-1223.8222473192063
1772937545.236984,1701.745527188083
1772937545.236992,3250.01739507872
1772937545.2370043,1278.5426363760014
1772937545.2370124,-1383.4618046580351
1772937545.2370203,-987.8492252178565
1772937545.237028,1873.7177402335917
1772937545.237036,3156.5574239830385
1772937545.237044,1064.7208835126246
1772937545.2370522,-1448.4638393196012
1772937545.2370605,-842.8726890892168
1772937545.2370684,2040.1659893006902
1772937545.2370768,3150.782552119038
1772937545.2370856,903.0693212033259
1772937545.2370937,-1575.36431748806
1772937545.2371013,-785.9239626707118
1772937545.2371094,2224.104358416643
1772937545.2371175,3249.338562454557
1772937545.2371256,777.9318330292516
1772937545.2371335,-1804.0899061508999
1772937545.2371416,-834.5001058786661
1772937545.2371497,2465.2346274650263
1772937545.2371576,3513.0677247620374
1772937545.2371657,687.7655697659552
1772937545.2371736,-2218.5756769902478
1772937545.2371817,-1049.6206526387498
1772937545.2371895,2842.655332196423
1772937545.2371976,4100.628332554746
1772937545.2372055,641.8525838126559
1772937545.2372143,-3058.3513359167578
1772937545.2372227,-1643.8379843038008
1772937545.2372305,3570.3042936750967
1772937545.2372386,5548.531714786445
1772937545.2372468,716.939794553833
1772937545.2372549,-5261.259866084661
1772937545.2372632,-3637.5292382591897
1772937545.2372713,5673.498557890389
1772937545.2372792,11374.099266081792
1772937545.2372873,2178.858125888493
1772937545.2372952,-19513.01060468457
1772937545.2373033,-37553.91765173404
1772937545.2373118,-36993.755557881
1772937545.2373204,-18630.33441499792
1772937545.2373288,2125.4768008190863
1772937545.237337,10457.197201742747
1772937545.237345,5196.9899639962605
1772937545.2373528,-2992.8303481638086
1772937545.2373612,-4411.893002580596
1772937545.2373693,555.9810064227496
1772937545.2373772,4597.3495452618145
1772937545.2373853,3181.9057256532647
1772937545.2373931,-907.1871283033531
1772937545.2374012,-2238.101128052774
1772937545.2374096,371.9127193976692
1772937545.2374177,3113.4005120925353
1772937545.237426,2545.25093605206
1772937545.2374341,-217.3346018892721
1772937545.2374425,-1430.982219533857
1772937545.2374508,299.0273652531414
1772937545.2374592,2485.542194221583
1772937545.2374673,2267.6748590673765
1772937545.237476,106.16600954025775
1772937545.237484,-1048.4734557916317
1772937545.237492,257.89704306032996
1772937545.2375,2172.61870156632
1772937545.2375083,2133.0849006374183
1772937545.2375164,274.33632205400244
1772937545.2375245,-856.0784996923497
1772937545.2375324,232.6422792048417
1772937545.2375405,2015.710835113084
1772937545.2375486,2071.9901619219745
1772937545.2375567,359.88691906911134
1772937545.237565,-767.3708924147282
1772937545.2375731,217.5962131799334
1772937545.2375813,1948.599672750474
1772937545.2375891,2048.963876449654
1772937545.2375975,385.9690248872787
1772937545.2376056,-749.5215636263443
1772937545.2376137,210.59705436413364
1772937545.237622,1947.0872664363915
1772937545.23763,2058.0536718166522
1772937545.237638,376.36273492075316
1772937545.237646,-774.7885830301242
1772937545.237654,217.44213658473663
1772937545.2376623,1996.5096622580045
1772937545.23767,2082.438210115216
1772937545.237678,322.8217245318806
1772937545.2376866,-845.6650024200776
1772937545.237695,236.47837953699428
1772937545.237703,2096.5247182123885
1772937545.716685,895.5277593752132
1772937545.7167335,1555.5741389883938
1772937545.7167673,2194.350392562244
1772937545.7167957,1885.0239770554717
1772937545.716824,1063.1487452920558
1772937545.7168527,911.3187959945793
1772937545.716881,1658.18551000071
1772937545.7169096,2236.7581678391957
1772937545.7169445,1808.6465778041413
1772937545.7169807,976.628118196629
1772937545.7170131,934.7080414026575
1772937545.7170267,1755.4927180518932
1772937545.7170355,2269.742567098908
1772937545.7170444,1731.719857559708
1772937545.7170532,898.6474037738249
1772937545.7170622,964.3959900715328
1772937545.717071,1849.7290010994593
1772937545.7170799,2295.9456420524148
1772937545.7170887,1654.025128759926
1772937545.7170975,826.6082126026898
1772937545.7171063,998.1293208804798
1772937545.7171147,1940.04570783154
1772937545.7171245,2314.7133351513403
1772937545.7171328,1574.6564343142722
1772937545.7171416,761.3999340261792
1772937545.7171507,1040.7117380863206
1772937545.717162,2033.9877666932682
1772937545.7171717,2332.1874235312566
1772937545.7171805,1494.9123036128424
1772937545.7171893,699.1785791854702
1772937545.7171977,1084.7216557617999
1772937545.7172067,2121.6705156841645
1772937545.7172153,2336.9069818094436
1772937545.7172241,1404.4337321276114
1772937545.7172358,635.1146718683901
1772937545.7172494,1133.7475215379166
1772937545.7172637,2213.512442573764
1772937545.7172763,2341.2084029121993
1772937545.71729,1313.3033535898264
1772937545.7173035,575.9662104861521
1772937545.7173123,1191.8244487522632
1772937545.717321,2310.7032639181457
1772937545.7173295,2342.7072202909217
1772937545.717338,1216.2322686835932
1772937545.7173517,516.0275135451446
1772937545.7173655,1254.9230697622693
1772937545.7173803,2410.7512591119257
1772937545.7173913,2339.2864927870155
1772937545.7174,1111.7971523576944
1772937545.7174103,456.31926669794836
1772937545.717419,1326.786937130543
1772937545.7174275,2517.291409800641
1772937545.717436,2331.047112135893
1772937545.7174444,996.4417455198204
1772937545.7174532,392.9960735984084
1772937545.717463,1406.2049516222967
1772937545.7174728,2631.307499679184
1772937545.7174811,2319.22881740891
1772937545.71749,871.8814654327198
1772937545.7174985,330.37579793716924
1772937545.7175071,1499.8556650384683
1772937545.7175157,2757.206917556698
1772937545.7175243,2301.2001745294097
1772937545.7175329,729.4064353290378
1772937545.7175417,259.96730732045705
1772937545.71755,1604.2481820124156
1772937545.7175584,2895.0576224159363
1772937545.7175677,2276.512959703374
1772937545.7175765,568.111623721482
1772937545.7175848,184.69520433336123
1772937545.7175937,1727.4344659095607
1772937545.717602,3052.2712965419328
1772937545.7176106,2245.371638068471
1772937545.717619,382.8045454500385
1772937545.7176275,102.96799018485046
1772937545.717636,1875.797146742016
1772937545.7176447,3235.858663391685
1772937545.7176533,2204.9450551297664
1772937545.7176616,161.4553716904684
1772937545.7176704,5.618766939620254
1772937545.7176788,2050.8090891709794
1772937545.7176871,3450.548023796818
1772937545.7176957,2151.0950655826396
1772937545.717704,-106.84215012304065
1772937545.7177134,-108.7416715355945
1772937545.7177224,2268.5041417986445
1772937545.717731,3714.287030142271
1772937545.7177396,2081.990597662059
1772937545.7177484,-441.02164670930944
1772937545.7177572,-248.3302684139039
1772937545.717766,2547.751482012063
1772937545.717775,4050.7968065133846
1772937545.7177844,1990.425839721199
1772937545.7177937,-877.4275098386845
1772937545.7178025,-433.2180599263951
1772937545.7178116,2915.304891387572
1772937545.717821,4499.719679072934
1772937545.7178304,1867.4797855117442
1772937545.717839,-1473.457949090877
1772937545.7178478,-689.8391758377403
1772937545.7178564,3433.0028446595707
1772937545.7178652,5147.478682043668
1772937545.717874,1698.4188185674268
1772937545.7178826,-2355.766769424527
1772937545.717891,-1093.802943340704
1772937545.7178996,4218.498483066499
1772937545.7179086,6189.42596943881
1772937545.717918,1461.7653078994892
1772937545.7179265,-3833.276073636664
1772937545.7179353,-1860.5577820654516
1772937545.717944,5581.900173848227
1772937545.7179525,8236.44208729293
1772937545.7179613,1154.3926209273504
1772937545.7179704,-7006.502619487116
1772937545.7179844,-4014.5555963454467
1772937545.7179978,8784.38615650061
1772937545.7180119,14991.290095758555
1772937545.7180204,1827.0544296854814
1772937545.7180288,-23013.242761494115
1772937545.7180376,-38083.2650291282
1772937545.9506676,-514.4735915964251
1772937545.950724,512.5244382498992
1772937545.9507632,1925.7363362309206
1772937545.950794,1722.7632457422026
1772937545.9508038,151.09884304239904
1772937545.9508157,-585.7555413192902
1772937545.9508266,585.9238995454002
1772937545.9508357,2049.423202101243
1772937545.9508448,1725.6000844258056
1772937545.9508533,23.500936893203296
1772937545.9508624,-668.7775876012025
1772937545.9508717,669.5163494654852
1772937545.9508803,2191.773095539718
1772937545.950889,1727.773975040208
1772937545.9508982,-126.80564774307702
1772937545.950907,-766.5140907505989
1772937545.9509156,769.5643596412564
1772937545.9509244,2362.890488746319
1772937545.9509332,1731.708646828593
1772937545.950942,-307.52941247471165
1772937545.9509509,-885.7233514629125
1772937545.9509597,890.2638208297329
1772937545.95097,2571.555359645337
1772937545.9509811,1734.7802209848803
1772937545.9509947,-535.4453917578194
1772937545.951008,-1039.188812956281
1772937545.951022,1039.4680355255928
1772937545.9510312,2836.362990255607
1772937545.9510396,1739.5837041419672
1772937545.9510484,-830.0398899470794
1772937545.951057,-1239.5317464186405
1772937545.9510655,1238.6434109584695
1772937545.9510744,3194.0341744586904
1772937545.9510827,1748.3173920589757
1772937545.9510915,-1235.9137457686038
1772937545.9511003,-1521.7958908437324
1772937545.951109,1520.8579520217254
1772937545.9511175,3715.1043975513603
1772937545.951126,1767.9952324946976
1772937545.9511347,-1843.4127778600673
1772937545.9511433,-1959.6595778728306
1772937545.9511516,1963.7264873529302
1772937545.9511604,4568.644393472468
1772937545.951169,1813.334519581721
1772937545.9511776,-2901.713567963546
1772937545.9511864,-2778.9076918146675
1772937545.9511948,2781.3886544640027
1772937545.9512036,6302.742913798377
1772937545.951212,1965.319180635298
1772937545.9512208,-5359.49283103718
1772937545.9512296,-5008.859332443144
1772937545.9512393,5010.980380759808
1772937545.951249,12458.06156708831
1772937545.9512572,3494.7122768426684
1772937545.951266,-19925.83776491082
1772937545.9512749,-39195.417367266375
1772937546.4430642,10700.196606053703
1772937546.4431036,2635.542433742436
1772937546.4431305,-18592.105204399104
1772937546.4431572,-37478.88213869454
1772937546.443184,-37856.64157769026
1772937546.4432108,-19195.66047246907
1772937546.4432373,2652.734687878454
1772937546.443264,11314.538727480985
1772937546.4432907,5166.954029912191
1772937546.4433167,-3853.055268464697
1772937546.4433432,-4869.795406101756
1772937546.44337,1145.8754258775668
1772937546.4433825,5385.650097925561
1772937546.4433906,3046.600933723653
1772937546.4433987,-1765.8737445401428
1772937546.4434068,-2595.760064150666
1772937546.4434197,1015.742368139865
1772937546.4434276,3832.1538294993516
1772937546.4434357,2315.385632861587
1772937546.4434435,-1060.455241830366
1772937546.4434516,-1681.187028279748
1772937546.4434595,995.656065798204
1772937546.443468,3132.3814813491695
1772937546.4434762,1945.3146304430077
1772937546.443486,-717.8887303396635
1772937546.443495,-1193.2893254660762
1772937546.4435031,998.9626467009659
1772937546.4435115,2740.6673019794707
1772937546.4435196,1719.733935069236
1772937546.4435277,-524.1834875005236
1772937546.443536,-894.6043298935425
1772937546.443544,1008.6839288380805
1772937546.4435523,2492.5866925872538
1772937546.4435604,1563.16869261569
1772937546.4435687,-408.99328326779033
1772937546.443577,-696.7980306951349
1772937546.4435852,1023.7731164174153
1772937546.4435935,2329.1010517036575
1772937546.443602,1451.3571011245926
1772937546.4436104,-334.98118105846817
1772937546.4436183,-555.3531665634366
1772937546.4436266,1045.0842894074676
1772937546.4436347,2219.407502668685
1772937546.443643,1366.7919279746382
1772937546.4436517,-290.117529091578
1772937546.4436593,-453.409773287524
1772937546.4436677,1068.8086810783104
1772937546.4436755,2144.6957636584984
1772937546.4436836,1299.2141202976109
1772937546.4436915,-267.2343989784848
1772937546.4436996,-380.09963803142404
1772937546.443708,1094.5956533565466
1772937546.4437163,2095.874112633813
1772937546.4437253,1244.180246098172
1772937546.4437337,-260.503167904716
1772937546.4437416,-327.05291454131344
1772937546.4437501,1124.070718447592
1772937546.4437585,2068.4020684185775
1772937546.443766,1198.714248798598
1772937546.4437742,-267.13286751729737
1772937546.4437823,-289.2597192111667
1772937546.4437904,1158.8972176442687
1772937546.4437983,2059.5978897558366
1772937546.4438064,1159.0256594459674
1772937546.4438145,-289.3482536587884
1772937546.443823,-267.6345485103799
1772937546.4438317,1198.1586293793866
1772937546.4438396,2068.5084875185794
1772937546.4438474,1125.2496740040967
1772937546.4438884,-325.1451932744889
1772937546.443921,-258.7035925016664
1772937546.4439297,1245.283495371943
1772937546.4439373,2096.429112619671
1772937546.443946,1095.238903404376
1772937546.4439538,-378.95764576342725
1772937546.4439619,-265.86037412291824
1772937546.4439697,1300.1234893770004
1772937546.4439778,2144.6770168930693
1772937546.4439857,1068.0396405766903
1772937546.4439933,-454.32140157945616
1772937546.4440012,-290.6960933638471
1772937546.444009,1366.545054304903
1772937546.444018,2219.167840949347
1772937546.444026,1044.629583496081
1772937546.444034,-555.8866737059863
1772937546.4440417,-335.22549550952283
1772937546.4440498,1451.6501554298536
1772937546.4440577,2329.806797471848
1772937546.4440656,1024.43939275931
1772937546.4440734,-696.6540210761627
1772937546.4440813,-409.5639384650759
1772937546.4440892,1562.0770279726055
1772937546.4440968,2491.323598197926
1772937546.444105,1007.3574019524078
1772937546.4441128,-896.3431621100049
1772937546.4441211,-526.9129537556012
1772937546.4441288,1715.7561489305533
1772937546.4441366,2735.899613393983
1772937546.4441445,994.4004776814892
1772937546.4441524,-1196.7872844504782
1772937546.44416,-720.2010068255863
1772937546.444168,1943.5826753103845
1772937546.4441757,3130.5034554039994
1772937546.4441836,993.4324230980901
1772937546.4441917,-1683.2909506480214
1772937546.4441993,-1061.7272819849286
1772937546.4442072,2315.3669968709337
1772937546.4442153,3833.31676469216
1772937546.4442232,1017.7262339911858
1772937546.4442313,-2593.278030281587
1772937546.4442391,-1763.042453768902
1772937546.444248,3049.6821659789057
1772937546.4442563,5388.728118979047
1772937546.444264,1148.5072651325615
1772937546.444272,-4868.006658802705
1772937546.44428,-3852.1015278456844
1772937546.4442875,5167.63222621852
1772937546.4442956,11315.731617818261
1772937546.4443035,2654.811508897435
1772937546.4443116,-19193.192152286338
1772937546.4443197,-37854.86177924253
1772937546.6825652,1722.5341275700864
1772937546.6826053,574.9266365009843
1772937546.6826315,-318.70914235036327
1772937546.6826472,319.93696775225686
1772937546.6826544,1609.6349814073144
1772937546.682662,1723.7617351106712
1772937546.6826694,475.0776187118988
1772937546.6826756,-383.2763403299572
1772937546.6826823,383.0892541073768
1772937546.6826909,1716.5417990997855
1772937546.682701,1724.2982730404397
1772937546.6827104,362.1121825756708
1772937546.682717,-456.1701560288011
1772937546.6827233,455.6566661688221
1772937546.6827295,1839.3333773871866
1772937546.6827357,1724.6500477901232
1772937546.6827433,230.7668311021066
1772937546.682753,-540.9336665728669
1772937546.6827624,542.2222441827627
1772937546.682772,1986.7190210302326
1772937546.6827826,1727.3691357932182
1772937546.6827912,74.50255997882574
1772937546.6827972,-643.9639571006732
1772937546.6828034,645.6482327994282
1772937546.682809,2166.0195981020615
1772937546.6828153,1730.6520942765985
1772937546.6828213,-120.20450461830059
1772937546.6828272,-775.0502554006787
1772937546.6828332,774.0381425458417
1772937546.682839,2394.031123531324
1772937546.682845,1736.0880666275218
1772937546.6828513,-371.89060875750334
1772937546.6828575,-945.9115116999224
1772937546.6828642,947.5216113497318
1772937546.6828704,2704.779364366387
1772937546.6828768,1744.387727672514
1772937546.6828833,-725.5671470335303
1772937546.6828897,-1194.4585456400719
1772937546.682896,1192.0710861945506
1772937546.682902,3161.836166364356
1772937546.6829083,1762.5805233542649
1772937546.6829176,-1263.7543253651274
1772937546.6829238,-1586.1073801317732
1772937546.6829298,1586.9288755586358
1772937546.6829362,3931.5428697397133
1772937546.6829424,1806.9074436990516
1772937546.6829488,-2227.2279441475403
1772937546.6829553,-2339.736258931508
1772937546.6829627,2342.980212963896
1772937546.68297,5552.480569684261
1772937546.682976,1955.0520348926837
1772937546.6829824,-4558.554293957844
1772937546.6829886,-4481.894595229575
1772937546.6829948,4485.585019745153
1772937546.6830015,11549.327665760838
1772937546.6830075,3480.600019022891
1772937546.683014,-18941.91588103202
1772937546.68302,-38540.09751358676
1772937546.993799,-38134.36259035261
1772937546.9938362,-19360.58645619061
1772937546.9938676,1747.9829731738482
1772937546.9938943,9858.922671127226
1772937546.9939208,4135.795254422263
1772937546.9939475,-4075.752439405896
1772937546.993971,-5046.501793170219
1772937546.9939797,175.79513598422946
1772937546.993988,3901.404344764837
1772937546.9939992,2066.0501233141686
1772937546.994017,-1925.7904264653773
1772937546.9940321,-2783.7918211539063
1772937546.9940412,-24.80689174346949
1772937546.9940493,2316.244174934566
1772937546.9940577,1387.0309846240762
1772937546.9940662,-1157.7977475694427
1772937546.9940743,-1888.2723490734647
1772937546.9940827,-125.75477820287348
1772937546.9940908,1582.4917880479825
1772937546.9941013,1077.1768083950399
1772937546.9941108,-744.7950240736939
1772937546.9941192,-1421.717772469062
1772937546.9941275,-211.53883047015546
1772937546.9941356,1155.6515258818715
1772937546.994144,921.1700521533312
1772937546.9941523,-472.8019862964619
1772937546.994161,-1148.7995332129435
1772937546.9941692,-300.0841549532218
1772937546.9941773,876.2652997881812
1772937546.9941857,854.0019222001835
1772937546.9941936,-262.78017863241325
1772937546.994202,-981.5892196879846
1772937546.9942102,-401.5982093487326
1772937546.9942183,674.1555914238617
1772937546.9942267,842.8025030650343
1772937546.9942346,-85.52132305522042
1772937546.994243,-885.5230581836561
1772937546.9942508,-521.9260403571303
1772937546.9942589,523.677863033264
1772937546.9942775,886.7134992566039
1772937546.9942856,86.10593559469976
1772937546.9942937,-842.4171388395287
1772937546.9943025,-673.6128723303669
1772937546.9943104,402.3347294405776
1772937546.9943185,982.5022922662671
1772937546.9943273,264.14798559544136
1772937546.9943352,-851.7753959418128
1772937546.9943428,-873.2451718698372
1772937546.9943528,303.0938061541757
1772937546.994362,1150.7931158034485
1772937546.9943705,473.4622883732738
1772937546.9943783,-921.1649637330343
1772937546.9943864,-1155.2482715642388
1772937546.9943948,212.87462287640537
1772937546.994403,1423.7340289867254
1772937546.994412,746.9606967209637
1772937546.99442,-1075.0780294169956
1772937546.994428,-1580.3362171280748
1772937546.994436,128.00328279556484
1772937546.994444,1890.321732324461
1772937546.9944525,1159.297268959427
1772937546.9944608,-1386.0721283780529
1772937546.9944692,-2315.4267734754335
1772937546.9944773,25.883950558796524
1772937546.9944854,2785.205595898862
1772937546.9944935,1927.3906203004424
1772937546.9945018,-2064.311420310012
1772937546.9945097,-3899.359099641622
1772937546.9945176,-173.28015912694858
1772937546.9945257,5049.421525643911
1772937546.9945338,4078.863831735489
1772937546.994542,-4132.608521824682
1772937546.9945495,-9855.657133704884
1772937546.9945576,-1744.7982860909644
1772937546.9945655,19363.16715111733
1772937546.9945736,38135.72446325903
1772937547.1554108,-1323.2202363197543
1772937547.1554525,-10.623264801182168
1772937547.155465,1371.8486830031197
1772937547.1554737,878.8244736840304
1772937547.1554823,-880.5792883041837
1772937547.1554904,-1483.1118913723967
1772937547.1554992,-16.89441086732928
1772937547.1555076,1554.8168677791728
1772937547.155516,1008.9487960167705
1772937547.1555243,-1009.3349879640592
1772937547.1555324,-1724.0619139306762
1772937547.1555407,-25.605052194894213
1772937547.1555493,1838.205255799107
1772937547.155558,1212.0669001522479
1772937547.1555667,-1215.4846026328676
1772937547.1555748,-2115.3376999168013
1772937547.155583,-42.89812012044611
1772937547.1555908,2312.425913774097
1772937547.1555989,1566.979790740306
1772937547.1556067,-1563.5077481062865
1772937547.155615,-2812.8906071951433
1772937547.1556232,-83.39930021469769
1772937547.1556313,3210.717453973804
1772937547.1556396,2279.3518509022024
1772937547.1556516,-2278.5400311882468
1772937547.1556597,-4367.1716234912665
1772937547.1556675,-232.27493010388068
1772937547.155676,5474.060423430478
1772937547.1556845,4380.835997479994
1772937547.1556923,-4375.58396223661
1772937547.1557012,-10291.513963197343
1772937547.1557097,-1756.0306632408874
1772937547.155718,19786.16868022003
1772937547.1557257,38391.01921332599
1772937547.370263,38284.21328773163
1772937547.370303,19612.714022074746
1772937547.3703313,-1757.5101103395762
1772937547.3703637,-10120.246758881192
1772937547.3703728,-4269.832598729752
1772937547.3703814,4272.7846850964315
1772937547.3703902,5299.472147665523
1772937547.3703983,-232.8675077988034
1772937547.3704093,-4192.139417512127
1772937547.3704195,-2168.704815127194
1772937547.370428,2172.2227895889805
1772937547.3704364,3033.8588185128856
1772937547.3704448,-86.28853607499393
1772937547.370453,-2638.7392142262042
1772937547.3704617,-1455.6139549145373
1772937547.3704696,1454.9727011584957
1772937547.3704777,2131.279316952979
1772937547.370486,-43.6990020943019
1772937547.370494,-1932.8297534477754
1772937547.3705022,-1100.5191408755707
1772937547.37051,1099.6920944406122
1772937547.3705184,1652.5392654190548
1772937547.3705268,-26.752390522525566
1772937547.3705351,-1536.0783809553536
1772937547.3705437,-890.7758564953781
1772937547.3705533,892.2548448782574
1772937547.3705623,1362.157779255082
1772937547.3705752,-17.624384026588917
1772937547.3705833,-1287.0971954148733
1772937547.370591,-757.9933837821721
1772937547.370636,754.217508241972
1772937547.370644,1167.3749552940844
1772937547.370652,-12.480473938128053
1772937547.3706598,-1116.5627510679979
1772937547.3706677,-663.2124977807131
1772937547.3706756,662.561156011424
1772937547.3706837,1033.2619010336018
1772937547.3706915,-9.656317115054
1772937547.3706996,-997.8780435471982
1772937547.3707075,-597.0531792112738
1772937547.3707154,597.2209096107632
1772937547.3707232,938.1980201423169
1772937547.370731,-6.2142369467443785
1772937547.3707392,-911.2193546050079
1772937547.370747,-549.1488677605523
1772937547.3707552,548.854640086354
1772937547.3707633,867.6002622855339
1772937547.3707712,-5.291775752972258
1772937547.3707795,-849.4173572827415
1772937547.3707876,-514.9707593859425
1772937547.3707955,513.6000323308479
1772937547.470651,817.9147193603202
1772937547.4706776,-3.2599048622927804
1772937547.4706883,-804.5555102653169
1772937547.4707,-490.9938045248066
1772937547.4707108,488.09933220486505
1772937547.4707196,780.6938017223478
1772937547.4707277,-3.7238912921793745
1772937547.4707358,-774.3726437935909
1772937547.4707444,-473.9749744660775
1772937547.4707532,472.7440264662526
1772937547.4707615,758.8029732898513
1772937547.47077,-2.571063231780074
1772937547.470778,-755.7572764644723
1772937547.470786,-464.66833640444054
1772937547.4707944,463.711189370241
1772937547.4708035,748.0065040913141
1772937547.4708123,-0.3348805872045659
1772937547.8351812,-1671.8788664084875
1772937547.835244,-1091.3308896908445
1772937547.8352773,-64.6489322664566
1772937547.835311,-20.182301895581535
1772937547.8353453,-1014.8362594515705
1772937547.8353736,-1662.1120366631658
1772937547.8353937,-1063.6880811095098
1772937547.8354068,-55.417149070573245
1772937547.8354192,-40.632753417048605
1772937547.8354318,-1038.1594705257703
1772937547.8354442,-1658.4511973014605
1772937547.8354561,-1037.8233434922543
1772937547.8354676,-40.085779884692634
1772937547.83548,-54.86292170846131
1772937547.8354928,-1063.2977596054016
1772937547.8355162,-1661.886698931553
1772937547.835532,-1014.5676709828277
1772937547.8355448,-19.624148414875542
1772937547.8355572,-63.81761918341846
1772937547.83557,-1090.633949083524
1772937547.8355825,-1671.820709275805
1772937547.835594,-992.5234224802049
1772937547.8356063,7.36132915132631
1772937547.8356183,-66.9053509497706
1772937547.8356311,-1120.359901498734
1772937547.8356433,-1688.387837197537
1772937547.835657,-971.2567273320134
1772937547.8356712,40.94022358595906
1772937547.8356862,-66.20062100697368
1772937547.8356993,-1157.167313305222
1772937547.8357117,-1716.7913231203993
1772937547.835724,-953.3580224119886
1772937547.8357365,82.27208253356442
1772937547.835754,-58.58654455844406
1772937547.8357663,-1198.3634967940836
1772937547.8357785,-1755.0728246312726
1772937547.8357916,-936.3055730335401
1772937547.8358047,134.60220576619963
1772937547.835818,-41.90117242772039
1772937547.8358307,-1243.973684673669
1772937547.8358424,-1803.493694511285
1772937547.835854,-917.6850215699646
1772937547.8358655,202.4245396748842
1772937547.835878,-14.083574858145672
1772937547.8358936,-1297.3718697673366
1772937547.8359077,-1867.823900697963
1772937547.8359208,-899.8891232168178
1772937547.835932,287.36593490031504
1772937547.8359437,24.36045442364237
1772937547.8359554,-1365.879739737627
1772937547.835968,-1957.5230171454452
1772937547.83598,-884.8054857056958
1772937547.835992,397.1734530135205
1772937547.8360038,81.1614414523848
1772937547.836016,-1451.1092816385642
1772937547.836028,-2079.2907786865385
1772937547.8360407,-871.3495359411386
1772937547.8360534,543.207384469025
1772937547.8360653,163.3319488809324
1772937547.8360777,-1563.3486251489498
1772937547.8360896,-2250.645769281148
1772937547.8361013,-859.8704689796599
1772937547.8361132,747.657187665433
1772937547.8361251,288.7698770602683
1772937547.8361373,-1715.1850716674646
1772937547.836149,-2499.4751245660364
1772937547.836161,-849.438950573954
1772937547.8361745,1051.3709472186663
1772937547.8361857,486.95056728923254
1772937547.8361976,-1941.9057313789363
1772937547.8362093,-2896.271029319489
1772937547.8362212,-849.7766365043624
1772937547.836233,1538.6420696003918
1772937547.8362453,828.4599175830272
1772937547.836258,-2316.301893761846
1772937547.83627,-3602.145248907885
1772937547.8362825,-874.6870414118562
1772937547.8362951,2450.2608234837644
1772937547.8363073,1531.4803446234241
1772937547.836319,-3049.5001300625554
1772937547.8363307,-5155.9955253383105
1772937547.8363423,-1003.4503429957703
1772937547.8363543,4726.042159958053
1772937547.836366,3620.528741911593
1772937547.8363779,-5166.47954562144
1772937547.8363912,-11080.27961827623
1772937547.836404,-2508.154256916935
1772937547.836416,19048.775786492664
1772937547.836428,37618.85402513502
1772937548.3173363,-0.22434144001451248
1772937548.3173733,-1.0152754762182499
1772937548.3173947,-0.9914357778561323
1772937548.3174148,-0.4851973414337954
1772937548.3174477,-0.30421103886091605
1772937548.3174696,-0.7252218471920957
1772937548.3175008,-1.1579623834599913
1772937548.3175232,-0.8794494491192564
1772937548.3175347,0.06714394058673102
1772937548.3175464,0.8828884394601223
1772937548.3175588,0.8832399621808625
1772937548.3175707,0.18669620207998797
1772937548.317583,-0.5127204820121236
1772937548.3176005,-0.707192595277391
1772937548.3176143,-0.4653946131414126
1772937548.3176284,-0.14049448023222993
1772937548.3176413,0.08429626372758893
1772937548.3176503,0.2540424781325854
1772937548.317659,0.38700024865898924
1772937548.3176675,0.37047572892347636
1772937548.3176763,0.1483150738107194
1772937548.3176892,-0.13019829206471434
1772937548.3176982,-0.2628870139997892
1772937548.317707,-0.2450192999842435
1772937548.3177156,-0.25019437644306075
1772937548.3177252,-0.3553284609221216
1772937548.3177347,-0.4018279562503346
1772937548.3177435,-0.21387558641394389
1772937548.3177524,0.10326407450711975
1772937548.3177612,0.20306589622928437
1772937548.31777,-0.12818215735540542
1772937548.3177793,-0.7035648680450851
1772937548.317788,-1.1005299798638233
1772937548.3177965,-1.073756914119831
1772937548.317805,-0.7627601819247056
1772937548.3178136,-0.5092022045429958
1772937548.3178227,-0.5269199792909315
1772937548.3178332,-0.7546366609228445
1772937548.3178475,-0.957296220052864
1772937548.3178616,-0.9116569653227321
1772937548.3178754,-0.5351288841934134
1772937548.3178897,0.06440456846223885
1772937548.3178992,0.6236569771168949
1772937548.3179083,0.8716283970181338
1772937548.317917,0.7283738275116249
1772937548.3179257,0.37471863956775436
1772937548.3179348,0.08877808313217403
1772937548.3179436,8.544264073100294e-05
1772937548.317952,0.029256459706198938
1772937548.3179607,0.06639154739915364
1772937548.317969,0.1430346146397282
1772937548.317978,0.36735375795403535
1772937548.3179867,0.7173981507722553
1772937548.3179955,0.9906086845746368
1772937548.3180044,1.0040597354489194
1772937548.3180137,0.7958361233335869
1772937548.3180223,0.564279478297575
1772937548.3180308,0.4269360507247507
1772937548.3180435,0.3186819425784348
1772937548.3180573,0.15176128761330865
1772937548.31807,-0.0030612774439118767
1772937548.3180788,0.01600909222262814
1772937548.318087,0.22552394951741883
1772937548.318096,0.419015456205297
1772937548.3181047,0.37357191745254287
1772937548.318113,0.08505817661529602
1772937548.318122,-0.26532102395932883
1772937548.3181305,-0.5534988395526114
1772937548.3181388,-0.8331392495965588
1772937548.3181477,-1.1820797565788075
1772937548.3181562,-1.5012067408360954
1772937548.3181655,-1.5562869625439928
1772937548.3181748,-1.2251468750650005
1772937548.3181837,-0.6437815723838576
1772937548.3181922,-0.08604883557596454
1772937548.3182008,0.2538822760758125
1772937548.3182094,0.3336219004787947
1772937548.3182187,0.19044132826538282
1772937548.3182275,-0.09794116879099142
1772937548.318236,-0.37839017381486406
1772937548.3182447,-0.4686192230226482
1772937548.3182533,-0.34541743662051433
1772937548.318262,-0.2557231063439336
1772937548.318271,-0.5150423652838044
1772937548.31828,-1.1292353623432052
1772937548.3182883,-1.6774535646291229
1772937548.3182971,-1.6691098390823984
1772937548.3183057,-1.0413505230184148
1772937548.3183155,-0.26208047298039105
1772937548.3183298,0.0776294980875318
1772937548.318344,-0.24858407934309262
1772937548.3183544,-0.9990670325437183
1772937548.3183672,-1.7476740199422902
1772937548.3183804,-2.195894451573512
1772937548.3183928,-2.2721637771118384
1772937548.3184016,-2.089754736625959
1772937548.3184104,-1.891032060765653
1772937548.3184278,-1.9355630996409032
1772937548.318442,-2.2835142318357904
1772937548.3184557,-2.6619758197006296
1772937548.3184693,-2.6687800058719793
1772937548.3184783,-2.205593872349121
1772937548.3184867,-1.647697323156752
1772937548.3184953,-1.4571069946806345
1772937548.318504,-1.6230709300413642
1772937548.3185124,-1.627025554864744
1772937548.318521,-1.0640069080069767
1772937548.3185296,-0.2155832774862613
1772937548.3185382,0.16749072430172499
1772937548.3185472,-0.2994348048861603
1772937548.3185556,-1.1430120923349505
1772937548.318564,-1.4988602205273764
1772937548.3185728,-1.0344484509563767
1772937548.318582,-0.2783019956379627
1772937548.3185904,-0.0004372835466512015
1772937548.3185992,-0.38214225531979423
1772937548.3186078,-0.9012119825688494
1772937548.3186162,-0.9765146025748267
1772937548.3186247,-0.5752110625311154
1772937548.3186336,-0.14634554751264855
1772937548.7975063,-1.130398431049755
1772937548.7975464,-1.1606846515156912
1772937548.7975724,-1.2349222386412033
1772937548.7975993,-1.3919210010144267
1772937548.7976263,-1.493325158375895
1772937548.7976527,-1.2860298943708695
1772937548.7976797,-0.7167396042267937
1772937548.7977076,-0.11704937178963278
1772937548.7977345,0.061775128810518484
1772937548.7977667,-0.27391129363044375
1772937548.797793,-0.7488073969118002
1772937548.7978191,-0.9548623125263517
1772937548.7978275,-0.9263182366272315
1772937548.797836,-1.0555243097126148
1772937548.7978442,-1.5334880299812017
1772937548.7978525,-2.0144657689529817
1772937548.7978604,-1.9526804277415546
1772937548.7978683,-1.2288860268339248
1772937548.7978768,-0.31387877660274555
1772937548.7978852,0.2242153463145719
1772937548.7978947,0.27421271381340706
1772937548.7979083,0.16557430132177542
1772937548.797924,0.17743069528809213
1772937548.7979329,0.22348109194303073
1772937548.7979417,0.07038974564764476
1772937548.7979503,-0.26556244751217767
1772937548.7979662,-0.5000629411067887
1772937548.7979748,-0.4618457726599238
1772937548.7979867,-0.353578130922944
1772937548.7979996,-0.5278557816145257
1772937548.7980137,-1.0406063625641846
1772937548.798027,-1.5272425217650865
1772937548.798041,-1.5462627047108808
1772937548.7980547,-0.9851181754197564
1772937548.798068,-0.1001787052152547
1772937548.7980824,0.7670861712140091
1772937548.7980917,1.420510026677992
1772937548.7981005,1.784832685949378
1772937548.7981095,1.7992574815753393
1772937548.7981193,1.459900105255964
1772937548.798128,0.9554066089517009
1772937548.7981365,0.6458720274666941
1772937548.7981453,0.8106831770833274
1772937548.798154,1.3970757259341957
1772937548.798163,2.035193383092687
1772937548.7981718,2.3120478133552065
1772937548.7981803,2.054674499589438
1772937548.798189,1.412652847769947
1772937548.7981975,0.7376222140943468
1772937548.7982063,0.3785951904925375
1772937548.7982154,0.4932776866619701
1772937548.7982244,0.9475643878346756
1772937548.7982333,1.3824873161113485
1772937548.7982476,1.4611687786113727
1772937548.7982607,1.1370411231196347
1772937548.7982728,0.6952556525483244
1772937548.7982843,0.49126317771340017
1772937548.7982967,0.6187971659574041
1772937548.7983108,0.8388384511656005
1772937548.798323,0.843777283404967
1772937548.7983348,0.5817096394143573
1772937548.7983463,0.3097234051744124
1772937548.798359,0.33679013775955
1772937548.7983725,0.7275411163139861
1772937548.7983856,1.247622535164142
1772937548.7983985,1.5715966541146527
1772937548.7984116,1.5399281038713375
1772937548.798425,1.2494865450195474
1772937548.7984338,0.936422902682627
1772937548.7984424,0.7757655506782299
1772937548.7984548,0.7630448794313232
1772937548.798468,0.7617497890640573
1772937548.7984824,0.6620092772306908
1772937548.7984912,0.4981332283262593
1772937548.7985,0.4097279773440196
1772937548.7985084,0.494208168742554
1772937548.7985172,0.7247245808447501
1772937548.7985258,1.030814726305725
1772937548.7985346,1.4229471432974778
1772937548.7985437,1.9604282774213384
1772937548.798553,2.561782561253766
1772937548.7985616,2.9120885371423393
1772937548.798571,2.672077448447016
1772937548.79858,1.8319263684175562
1772937548.7985885,0.8108031484331811
1772937548.798597,0.13344226042039314
1772937548.798606,-0.007315380557434026
1772937548.7986145,0.15292671298594934
1772937548.798623,0.2602626789548652
1772937548.7986317,0.17018370931383026
1772937548.7986405,-0.052912507493799756
1772937548.7986488,-0.3472261304183313
1772937548.7986577,-0.7059145393527132
1772937548.798666,-0.9959732555143166
1772937548.7986743,-0.886499749618974
1772937548.7986827,-0.14191494587389641
1772937548.7986956,0.9966232750261743
1772937548.79871,1.8690657839614069
1772937548.7987237,1.9629902202479974
1772937548.7987366,1.4066661418569357
1772937548.7987497,0.8139298412382413
1772937548.7987626,0.6367375591401258
1772937548.7987711,0.7588694129447833
1772937548.7987823,0.7627743468837872
1772937548.798796,0.49062343437878
1772937548.7988095,0.21023410995747732
1772937548.7988238,0.24463766275830712
1772937548.7988331,0.5918723329363802
1772937548.798842,0.9992025279464186
1772937548.798851,1.3093054100238464
1772937548.7988598,1.5679375319092388
1772937548.7988684,1.7907325155750866
1772937548.7988772,1.8110961703836068
1772937548.798886,1.5018232276974413
1772937548.7988944,1.0591840116104594
1772937548.7989032,0.8572042698651164
1772937548.7989116,0.9599232972238445
1772937548.7989202,0.948851527670621
1772937548.7989287,0.4153941133090341
1772937548.7989416,-0.4226422927034099
1772937549.1965349,414.85414658523956
1772937549.1965792,-163.6776489159175
1772937549.1966133,-515.2684465037939
1772937549.196648,-140.51922377538844
1772937549.1966813,436.41499946397926
1772937549.19671,400.75168884946044
1772937549.1967375,-202.67150704084438
1772937549.196766,-525.1620017946431
1772937549.196795,-107.90424050475599
1772937549.1968045,464.81491688485187
1772937549.1968136,382.64080471108065
1772937549.1968224,-245.30707477516648
1772937549.1968312,-534.9669260587639
1772937549.1968398,-71.3627838567927
1772937549.1968484,497.64719718867343
1772937549.1968572,366.82236178702834
1772937549.1968658,-286.74972225367384
1772937549.1968753,-542.250921385081
1772937549.1968849,-31.61078062784733
1772937549.1968937,530.6020695493073
1772937549.1969023,346.15592931640185
1772937549.196911,-334.6009962107089
1772937549.19692,-552.2425952999271
1772937549.1969285,10.005973166025651
1772937549.196937,565.8328974427657
1772937549.196946,325.079151394314
1772937549.1969545,-383.0988759305907
1772937549.196963,-558.839447704535
1772937549.1969717,58.121639346979556
1772937549.1969802,604.4446691637474
1772937549.1969888,300.8040488172406
1772937549.1969974,-436.66551784784485
1772937549.197006,-565.0428439544942
1772937549.1970148,112.06490013394712
1772937549.1970243,646.1657542095645
1772937549.1970336,271.10171244405956
1772937549.1970422,-499.6434223453571
1772937549.1970508,-575.4133356051202
1772937549.197062,168.8036170213481
1772937549.1970708,690.032799132739
1772937549.1970797,237.53182182307478
1772937549.1970882,-566.8479981371889
1772937549.1970968,-581.1420763966449
1772937549.1971054,237.5868337262494
1772937549.1971142,740.8344993821722
1772937549.1971228,198.422981754028
1772937549.1971319,-643.1615968769901
1772937549.197141,-585.3699966873052
1772937549.1971495,318.0528738852216
1772937549.1971583,797.5666961668425
1772937549.197167,149.6802698988137
1772937549.1971755,-733.1575885011987
1772937549.197184,-588.739388051306
1772937549.197193,413.21527637681714
1772937549.1972015,861.6365551830522
1772937549.19721,88.10744560182758
1772937549.197219,-840.458357309999
1772937549.1972272,-589.3720611324014
1772937549.197236,528.7974473843229
1772937549.1972444,933.8622200411197
1772937549.1972532,5.546847425229382
1772937549.1972618,-974.0593949600211
1772937549.1972704,-585.8828581825677
1772937549.1972797,675.3022014426707
1772937549.1972885,1020.2202481090518
1772937549.1972969,-103.85586858936713
1772937549.1973054,-1140.0235240114173
1772937549.197314,-568.2989423708356
1772937549.1973224,874.3192251959995
1772937549.197331,1129.2863247424252
1772937549.1973395,-257.2003185692517
1772937549.197348,-1359.5650273640701
1772937549.1973567,-531.0021078089143
1772937549.1973653,1152.8113645996475
1772937549.197374,1266.6456911506186
1772937549.1973827,-491.8352251498883
1772937549.1973917,-1670.787768046049
1772937549.1974003,-453.5562680250608
1772937549.197409,1575.2330003098605
1772937549.1974175,1448.5697413017908
1772937549.1974258,-887.6713623577893
1772937549.1974344,-2155.931639697231
1772937549.197443,-281.5670475622567
1772937549.1974516,2301.6918139399736
1772937549.1974604,1710.7355149690497
1772937549.1974688,-1667.1970518722533
1772937549.1974776,-3043.9937160365134
1772937549.197486,171.99959404947518
1772937549.1974945,3877.8744622895856
1772937549.1975033,2180.2269500188836
1772937549.197512,-3734.312527327639
1772937549.1975207,-5390.206964849429
1772937549.19753,1863.87220556335
1772937549.19754,9816.778474691231
1772937549.1975486,4212.405508786723
1772937549.1975572,-17702.824798374877
1772937549.1975656,-39792.34394811829
1772937549.2718089,-41514.94691714362
1772937549.271834,-20105.433948364498
1772937549.271844,5139.4439834590885
1772937549.2718527,12904.430273162581
1772937549.2718613,2116.131158477909
1772937549.2718697,-9070.500758260092
1772937549.271878,-5911.930283995099
1772937549.2718887,5908.552279753759
1772937549.2718997,9067.321481263849
1772937549.2719083,-2118.991104052037
1772937549.271918,-12906.930989022514
1772937549.271927,-5141.557454828777
1772937549.2719352,20103.776163247734
1772937549.271944,41513.80152440169
1772937549.5499313,39792.18398780606
1772937549.5499756,17703.3726812324
1772937549.5500102,-4211.396029078325
1772937549.550044,-9815.595998245017
1772937549.5500607,-1862.7404331690734
1772937549.5500703,5391.3331112481255
1772937549.5500803,3735.8350954651946
1772937549.55009,-2177.8457084538177
1772937549.5501091,-3874.643632713346
1772937549.5501184,-168.5727392378924
1772937549.5501332,3046.8644166757194
1772937549.550144,1669.4560939845815
1772937549.5501544,-1708.3176096239954
1772937549.5501695,-2298.3247680888226
1772937549.550184,285.7938516858011
1772937549.5501978,2160.1124577600613
1772937549.5502067,891.0844154107775
1772937549.5502155,-1445.692900391718
1772937549.5502248,-1572.0986741788213
1772937549.5502338,457.2354243887789
1772937549.550243,1674.3895345657447
1772937549.5502522,494.61240188122093
1772937549.5502627,-1264.5956147123834
1772937549.5502732,-1150.6836868034713
1772937549.550283,533.5732728733874
1772937549.550292,1361.8055111747412
1772937549.5503013,257.938300411239
1772937549.5503106,-1130.232827849478
1772937549.5503197,-875.8173165278567
1772937549.5503287,567.4564308860292
1772937549.5503383,1139.7281925820341
1772937549.5503476,102.82612740291108
1772937549.5503569,-1022.8727351307483
1772937549.550366,-678.9038654594277
1772937549.5503752,582.9616512371041
1772937549.5503888,972.730839148757
1772937549.5504034,-5.896457906699739
1772937549.550418,-934.4511131969427
1772937549.5504313,-529.9634035350407
1772937549.5504413,588.4848597703027
1772937549.5504508,840.7846576586368
1772937549.5504596,-86.68463713148086
1772937549.5504687,-860.1272813609305
1772937549.550478,-412.38420095362784
1772937549.5504873,589.0788553534701
1772937549.5504963,733.6618634743704
1772937549.5505054,-148.8314746609293
1772937549.5505145,-796.8899394939892
1772937549.5505238,-318.0625339582334
1772937549.5505328,584.8286224055407
1772937549.5505419,642.7008175985059
1772937549.5505512,-198.54138140447577
1772937549.5505605,-741.0942109764931
1772937549.5505695,-238.7092408133091
1772937549.5505784,579.0117763128774
1772937549.5505872,564.3116953890466
1772937549.5505965,-239.7907888243578
1772937549.5506053,-691.9859661281973
1772937549.5506144,-171.0328188804186
1772937549.5506232,572.539461383317
1772937549.550632,496.71175043724463
1772937549.5506413,-272.71957486428363
1772937549.5506501,-645.3546628934524
1772937550.047226,37630.900740949706
1772937550.0472627,19690.9027655705
1772937550.0472891,-2144.8910893024545
1772937550.047316,-11500.29478373058
1772937550.0473428,-5769.953214423832
1772937550.0473824,3682.109254274583
1772937550.0474076,5358.325918459912
1772937550.0474343,-693.3605395077769
1772937550.0474615,-5599.055909777476
1772937550.047488,-3616.5989036497567
1772937550.047515,1636.091550310203
1772937550.0475366,3072.4585525001476
1772937550.0475452,-612.5104314045385
1772937550.0475535,-4063.564582042019
1772937550.0475616,-2846.4116015621576
1772937550.0475698,974.8637525881647
1772937550.0475786,2150.6165653810717
1772937550.0475886,-635.9729967027632
1772937550.047598,-3380.464528125657
1772937550.0476065,-2443.1295425954563
1772937550.0476148,668.7343992684375
1772937550.0476232,1653.2385635056298
1772937550.047632,-678.2876936507234
1772937550.04764,-3000.1559558465574
1772937550.0476482,-2183.947760143151
1772937550.0476563,507.8778236179776
1772937550.0476644,1342.1350174946133
1772937550.0476725,-727.8686827984985
1772937550.0476806,-2765.506376866525
1772937550.0476887,-1999.478154036282
1772937550.0476968,418.89687365661354
1772937550.047707,1129.4496121933685
1772937550.0477157,-779.9421161142227
1772937550.0477238,-2611.409325011819
1772937550.0477328,-1858.6169332195768
1772937550.0477417,370.40977471578236
1772937550.0477498,974.8821817456293
1772937550.047758,-832.7767275717595
1772937550.047766,-2505.9375560127014
1772937550.0477743,-1744.7320238951747
1772937550.0477824,346.75212663283014
1772937550.0477905,855.4816479366061
1772937550.0477989,-889.2147289738342
1772937550.0478067,-2434.91480608238
1772937550.0478156,-1648.3496401257412
1772937550.0478237,344.18680608294625
1772937550.047832,767.0006036669705
1772937550.0478406,-941.2949697852564
1772937550.0478506,-2383.681737713416
1772937550.047859,-1564.2750921212844
1772937550.0478668,352.02119972119107
1772937550.0478747,692.6721958035995
1772937550.0478828,-998.7042881081362
1772937550.047891,-2352.1008240839915
1772937550.0478988,-1489.0205822145097
1772937550.0479069,372.3020348737936
1772937550.0479147,635.0782803081163
1772937550.0479228,-1055.0841393519108
1772937550.0479307,-2332.0378119965
1772937550.0479388,-1418.3932380245924
1772937550.0479472,402.518340931685
1772937550.04796,587.8751128925046
1772937550.0479712,-1116.2138638536676
1772937550.0479827,-2327.619476208761
1772937550.0479977,-1356.7165007089025
1772937550.0480096,437.4418129444986
1772937550.0480223,547.3336298585788
1772937550.048036,-1181.2211632043834
1772937550.0480466,-2332.980966952422
1772937550.0480547,-1295.8385751207536
1772937550.0480623,484.2538937952543
1772937550.0480704,518.1628701027784
1772937550.048081,-1247.6028474804004
1772937550.0480933,-2347.218086000793
1772937550.0481057,-1236.4321345853966
1772937550.0481193,540.4855218394008
1772937550.0481284,496.5303255839734
1772937550.0481365,-1319.1506611785028
1772937550.0481443,-2372.503190422669
1772937550.0481524,-1178.6774083239661
1772937550.0481603,606.5605639497705
1772937550.048168,481.58531834561063
1772937550.048176,-1398.2275692379687
1772937550.048184,-2410.8121178666693
1772937550.0481918,-1122.353099417726
1772937550.0482,684.0660237244509
1772937550.048208,473.439810439236
1772937550.048216,-1487.396448149506
1772937550.048229,-2464.821192120758
1772937550.048241,-1066.6751473349466
1772937550.0482519,777.2228921066318
1772937550.0482628,475.920767250109
1772937550.0482752,-1585.7194682109596
1772937550.0482876,-2533.9225699049084
1772937550.0482996,-1007.3460424864977
1772937550.0483112,892.6516106523746
1772937550.0483222,491.09534292078115
1772937550.0483334,-1699.4139687794093
1772937550.0483477,-2626.6012614369133
1772937550.0483675,-945.2178388269288
1772937550.0483835,1038.2192791101877
1772937550.0483963,525.1610542414705
1772937550.0484116,-1832.780624504137
1772937550.0484204,-2752.290222132941
1772937550.0484293,-881.5059109651918
1772937550.0484436,1223.1747988867003
1772937550.0484571,583.326509677529
1772937550.0484862,-1996.7343440382365
1772937550.0484953,-2927.6914115957884
1772937550.0485039,-816.0772254223604
1772937550.0485125,1466.933161355262
1772937550.0485213,676.3246565847585
1772937550.04853,-2213.0405392345688
1772937550.0485387,-3187.73053737492
1772937550.0485475,-750.3181984697469
1772937550.048556,1812.5992985629255
1772937550.048565,839.406155079153
1772937550.0485735,-2508.018531108733
1772937550.0485823,-3591.5021578644023
1772937550.048591,-683.2874190943378
1772937550.1231947,2350.046645681724
1772937550.123234,1142.3315043471757
1772937550.123247,-2958.0100398616514
1772937550.123256,-4301.475614184853
1772937550.1232646,-627.446295609062
1772937550.1232731,3319.823752376038
1772937550.123282,1798.167121710689
1772937550.1232903,-3781.913835014678
1772937550.123299,-5862.242083840831
1772937550.1233072,-665.0079552405451
1772937550.1233153,5657.517767066369
1772937550.1233237,3824.0184946982745
1772937550.1233318,-6010.193700810125
1772937550.1233416,-11793.089306760787
1772937550.1233509,-2057.421808939627
1772937550.1233587,20054.9086562825
1772937550.123367,37744.856156586866
1772937550.4102917,37536.077614021946
1772937550.4103289,18706.125977345844
1772937550.4103549,-3713.3008473896757
1772937550.4103816,-12550.361712331887
1772937550.4104083,-5916.623417280806
1772937550.4104347,3585.024996295982
1772937550.4104517,4392.081996977397
1772937550.41046,-2254.816472341996
1772937550.4104996,-6665.5967710621635
1772937550.4105077,-3774.4004831529933
1772937550.410516,1556.3712104877848
1772937550.4105244,2129.2967341146273
1772937550.4105325,-2181.8876264341716
1772937550.4105456,-5160.999777255411
1772937550.4105556,-3012.41878694741
1772937550.4105637,924.2764066744936
1772937550.410572,1230.5860004486499
1772937550.4105804,-2226.826537100584
1772937550.4105885,-4514.608464209506
1772937550.4105968,-2600.910392001096
1772937550.4106047,669.8298041322613
1772937550.410613,756.1917244611941
1772937550.4106212,-2316.366416447308
1772937550.4106293,-4192.771483474699
1772937550.4106376,-2326.9430250448368
1772937550.410647,581.7152175349014
1772937550.410656,470.1082585745703
1772937550.410664,-2435.8638694677607
1772937550.4106722,-4030.9833011246405
1772937550.41068,-2106.960176983879
1772937550.410688,600.6500325575958
1772937550.410696,287.1962539278213
1772937550.410704,-2590.6034849190387
1772937550.4107118,-3974.2836250961136
1772937550.4107196,-1908.640592502697
1772937550.410728,701.8104314851365
1772937550.4107358,162.43739816247788
1772937550.410744,-2797.694407186015
1772937550.410752,-4004.1910401403
1772937550.41076,-1705.2172128208801
1772937550.4107685,892.9785455489275
1772937550.4107764,80.69897693982162
1772937550.4107854,-3075.7226488481965
1772937550.410794,-4117.591423159979
1772937550.4108045,-1467.7803750880732
1772937550.4108121,1198.7590897377468
1772937550.41082,24.974211282297272
1772937550.410828,-3476.4334192532347
1772937550.410836,-4340.412035827473
1772937550.410844,-1150.7229351382107
1772937550.410852,1692.3530128527466
1772937550.4108603,-3.5015282523180358
1772937550.410868,-4091.8174568072036
1772937550.4108806,-4739.400942791235
1772937550.4108946,-675.4486117882981
1772937550.4109068,2523.189630420585
1772937550.4109185,-13.241927902518771
1772937550.4109263,-5156.28413119997
1772937550.4109344,-5486.090752164014
1772937550.4109423,186.2007369939381
1772937550.4109504,4146.490287373041
1772937550.4109583,-4.246070306988899
1772937550.410966,-7428.629485130593
1772937550.410974,-7209.09327575305
1772937550.4109824,2284.3465741689756
1772937550.41099,8520.785561961748
1772937550.410998,25.073008281182265
1772937550.411006,-15448.581798925135
1772937550.411014,-14694.512952832396
1772937550.411022,15037.356596933618
1772937550.4110296,56861.348404137374
1772937550.4263475,76754.45172139355
1772937550.8997307,18299.630757455445
1772937550.8997808,-3488.6051558509766
1772937550.8998036,-10920.286915000275
1772937550.8998268,-4104.760843537668
1772937550.8998497,4090.320319980179
1772937550.8998697,3956.027481195722
1772937550.8998926,-1922.4842352211285
1772937550.899912,-4938.856035470371
1772937550.899933,-2012.686196694056
1772937550.8999429,1930.8704379287763
1772937550.8999567,1662.2119429954412
1772937550.8999753,-1735.3707196844443
1772937550.8999922,-3331.288676165947
1772937550.9000063,-1303.64667266671
1772937550.9000154,1160.2025952036133
1772937550.9000244,732.5331916269582
1772937550.9000337,-1655.185338049798
1772937550.9000428,-2573.4539575573062
1772937550.9000516,-951.3148412639916
1772937550.9000604,754.0299210561915
1772937550.9000692,226.7005666857909
1772937550.900078,-1603.4355751712264
1772937550.9000874,-2127.5554943241236
1772937550.9000964,-745.5685791313579
1772937550.9001064,494.4796476258447
1772937550.9001164,-93.47542960904865
1772937550.9001312,-1562.0576544773962
1772937550.900145,-1828.6954153514762
1772937550.90016,-612.2919325998305
1772937550.90017,309.41554612054045
1772937550.9001791,-315.7092648118332
1772937550.9001884,-1525.3616007701883
1772937550.9001973,-1610.19405243049
1772937550.9002059,-519.1955805367986
1772937550.9002144,167.72306735615373
1772937550.9002233,-481.06145061727034
1772937550.900232,-1493.8071525321259
1772937550.900241,-1443.9278170189825
1772937550.90025,-453.6258606861389
1772937550.9002635,52.58460420056293
1772937550.9002728,-608.7268135950166
1772937550.9002817,-1463.0202231805977
1772937550.9002907,-1309.6807568310007
1772937550.9002993,-405.6213320121863
1772937550.9003084,-45.55255000309227
1772937550.9003177,-711.8982983705457
1772937550.9003267,-1432.4918776774966
1772937550.9003356,-1195.3036844572723
1772937550.900345,-366.3436166371964
1772937550.9003575,-128.61725250162183
1772937550.9003725,-796.61823589045
1772937550.900387,-1403.8042898962628
1772937550.9004018,-1099.0228824372766
1772937550.9004135,-337.5910617507254
1772937550.9004228,-203.22904933396447
1772937550.9004316,-867.4787722054748
1772937550.900441,-1373.818595099138
1772937550.9004512,-1013.1448156457783
1772937550.9004793,-315.37805309375506
1772937550.900488,-272.76425860132184
1772937550.9004967,-930.9984461699705
1772937550.9005055,-1346.091761023473
1772937550.9005144,-936.7904147276485
1772937550.9005232,-296.9573836867225
1772937550.900532,-334.2559216452338
1772937550.9005408,-983.0669930235891
1772937550.9005497,-1315.224149673629
1772937550.9005585,-866.4705542587126
1772937550.9005668,-284.6195689378894
1772937550.9005756,-395.52957664928726
1772937550.9005847,-1032.1111154717523
1772937550.900594,-1285.2505408558472
1772937550.9006023,-801.1632948666257
1772937550.9006116,-275.34701792100213
1772937550.90062,-454.34930515293684
1772937550.9006288,-1076.8836185292687
1772937550.9006376,-1254.9621644528695
1772937550.900646,-739.7859541991204
1772937550.9006548,-269.1318867022693
1772937550.9006917,-511.78600424422325
1772937550.900705,-1118.12608544028
1772937550.9007185,-1223.5693173867892
1772937550.9007268,-680.3935413587275
1772937550.9007351,-264.08944990667607
1772937550.9007435,-566.4569068412862
1772937550.9007523,-1154.536610271957
1772937550.9007616,-1190.0203369589774
1772937550.9007704,-623.5412612442166
1772937550.900779,-263.36737338896233
1772937550.9007878,-622.8731377649566
1772937550.9007964,-1189.0736295240024
1772937550.9008095,-1153.8031086405322
1772937550.9008234,-566.1490200738172
1772937550.9008365,-263.9444588582824
1772937550.9008496,-679.8401534908796
1772937550.900858,-1222.1646012708861
1772937550.9008665,-1115.9312352470135
1772937550.900875,-509.3667021226531
1772937550.9008842,-267.1673265715004
1772937550.9008932,-738.5998006383851
1772937550.9009016,-1254.3498991375236
1772937550.90091,-1076.3522745220794
1772937550.9009185,-453.547052858957
1772937550.9009316,-274.32911927817764
1772937550.9009452,-800.2994565292566
1772937550.9009578,-1284.8748907325253
1772937550.9009712,-1032.2201067391613
1772937550.9009852,-395.79515330277786
1772937550.9009967,-284.716909954295
1772937550.9010055,-866.4146736741986
1772937550.901014,-1315.3507706562161
1772937550.9010224,-983.6096642223825
1772937550.9010324,-334.9206495187883
1772937550.9010463,-296.99815509634647
1772937550.90106,-935.6295564425143
1772937550.9010732,-1343.912445861305
1772937550.901082,-928.6575513058687
1772937550.901091,-271.0277635813884
1772937550.9010994,-314.2213899381098
1772937550.901108,-1011.842021443033
1772937551.3799257,-528.8684781625066
1772937551.3799708,-1427.5855649600787
1772937551.380002,-1399.1001481301257
1772937551.3800342,-482.63466432231615
1772937551.380066,34.93865897927812
1772937551.380098,-574.4241216847967
1772937551.3801303,-1456.214000859801
1772937551.3801692,-1371.5352270434162
1772937551.380201,-437.5340093724486
1772937551.3802333,34.400907042680224
1772937551.3802464,-620.4794740845552
1772937551.3802588,-1483.6932007221785
1772937551.380272,-1340.6309114880141
1772937551.3802843,-388.5951906617603
1772937551.3802967,35.114912048562026
1772937551.380309,-669.4792420671936
1772937551.3803213,-1516.6852276244258
1772937551.3803332,-1314.5050570057024
1772937551.3803458,-341.78672413987994
1772937551.3803585,35.94300206825044
1772937551.3803704,-717.0147066190642
1772937551.3803823,-1546.7629551564241
1772937551.380401,-1284.015972858715
1772937551.3804162,-290.9674880595051
1772937551.3804376,37.79448325359853
1772937551.3804512,-766.9536070696739
1772937551.3804648,-1579.9974435024735
1772937551.3804789,-1254.6692834591768
1772937551.3804915,-239.68097868000402
1772937551.380504,39.11816386311124
1772937551.380517,-819.1860790606011
1772937551.3805296,-1614.7911459153909
1772937551.3805432,-1223.8182336240836
1772937551.3805568,-185.269194388084
1772937551.3805704,41.5976171685546
1772937551.3805835,-872.9764177276778
1772937551.3805964,-1650.4657454438675
1772937551.3806107,-1190.4177514915657
1772937551.380624,-127.2144558613656
1772937551.3806367,43.93222113014867
1772937551.380649,-931.4026339591043
1772937551.3806615,-1690.1725804923856
1772937551.3806736,-1155.9818218043285
1772937551.3806863,-65.3646751020524
1772937551.3807,46.647349536492705
1772937551.3807127,-994.2920823973899
1772937551.3807251,-1733.3275922167334
1772937551.3807375,-1118.483503490039
1772937551.3807497,3.389125074923155
1772937551.380762,52.3607212559756
1772937551.380774,-1060.5694085406208
1772937551.3807871,-1780.0814699470593
1772937551.3807993,-1078.7839654948834
1772937551.3808146,76.9034036745113
1772937551.3808284,56.82216778714961
1772937551.380841,-1135.5824156486374
1772937551.3808532,-1833.842617078765
1772937551.380866,-1035.9702072014798
1772937551.3808787,159.64854389562987
1772937551.380891,65.18091498490024
1772937551.380904,-1215.083822437335
1772937551.3809164,-1890.282115056708
1772937551.3809288,-984.7891237164533
1772937551.380941,255.6172949409478
1772937551.3809536,76.44081693558121
1772937551.3809664,-1305.7510289406903
1772937551.3809793,-1957.8197151620975
1772937551.3809917,-930.9806578388221
1772937551.3810062,361.76582633504694
1772937551.381018,86.84997896328476
1772937551.3810337,-1413.0219051918205
1772937551.3810468,-2039.4943779447572
1772937551.3810675,-870.9413984183093
1772937551.3810792,486.44674851956
1772937551.381091,102.83112390250535
1772937551.3811035,-1535.737832736535
1772937551.3811164,-2135.3358809386336
1772937551.3811293,-800.7209969899714
1772937551.381142,635.305759120406
1772937551.381156,123.91849971096367
1772937551.381168,-1682.3825204907093
1772937551.38118,-2252.5722860481574
1772937551.3811936,-716.2749129922846
1772937551.3812065,820.2802413186406
1772937551.3812194,155.34324698370352
1772937551.3812323,-1861.7440782507463
1772937551.3812451,-2403.0463323712993
1772937551.3812568,-616.945964653803
1772937551.3812692,1052.2754391281942
1772937551.3812814,198.8437955329374
1772937551.3812935,-2090.6930713756587
1772937551.3813057,-2603.8211232956733
1772937551.381319,-494.7232535373633
1772937551.3813317,1359.128187005411
1772937551.3813438,265.6187042603678
1772937551.3813558,-2395.5633757386076
1772937551.3813682,-2888.2533756340354
1772937551.3813815,-340.59927401824984
1772937551.3813927,1790.2883656988724
1772937551.381404,380.9899843221491
1772937551.3814163,-2820.3328062904516
1772937551.3814287,-3318.144064434205
1772937551.3814404,-135.24848008717782
1772937551.3814523,2450.849410303888
1772937551.3814635,601.3619594139441
1772937551.381476,-3470.701470292319
1772937551.3814895,-4059.9466650173727
1772937551.3815029,142.82821487764792
1772937551.3815167,3607.0088115534836
1772937551.3815298,1106.8300873189448
1772937551.3815432,-4629.8629277749615
1772937551.3815565,-5661.989554320304
1772937551.3815696,501.2848144301791
1772937551.3815827,6273.283723394562
1772937551.381595,2852.5354635329927
1772937551.3816032,-7483.1162403503495
1772937551.381612,-11662.504027598829
1772937551.3816206,-94.3074597965089
1772937551.3816297,21348.23057115187
1772937551.3816383,36149.71739704385
1772937551.8609235,-0.9813337310287352
1772937551.8609686,-0.9640791831176792
1772937551.8609908,-0.5789417613542189
1772937551.8610222,0.05139568777822046
1772937551.8610487,0.5263826450159086
1772937551.8610756,0.4474850117074118
1772937551.861102,-0.2429802135405796
1772937551.8611286,-1.1624778431612013
1772937551.86115,-1.7651776720601984
1772937551.8611584,-1.7924290986389777
1772937551.8611667,-1.484002312658439
1772937551.8611748,-1.3198565984577595
1772937551.861183,-1.5238847754804328
1772937551.8611913,-1.8367047855117817
1772937551.8611991,-1.8119966452749372
1772937551.8612075,-1.329507476486005
1772937551.861216,-0.7599061131748306
1772937551.8612242,-0.5857231575130891
1772937551.8612323,-0.8926218337238812
1772937551.8612406,-1.2998890039836206
1772937551.8612502,-1.403434966247466
1772937551.8612592,-1.222714640689579
1772937551.8612673,-1.149904200026516
1772937551.8612757,-1.480809871162803
1772937551.861284,-2.0757229628230216
1772937551.861292,-2.518812047770424
1772937551.8613002,-2.5588696206720423
1772937551.861308,-2.322002324871053
1772937551.8613164,-2.096873067431131
1772937551.8613243,-1.9920452642551087
1772937551.8613324,-1.8652423298200345
1772937551.8613403,-1.5640372272235066
1772937551.8613484,-1.1651864282551783
1772937551.8613567,-0.9416589279518913
1772937551.861365,-1.1058939252373456
1772937551.8613732,-1.5889266678550586
1772937551.8613813,-2.0453537788735905
1772937551.8613894,-2.074673958547408
1772937551.8613975,-1.5112362534274162
1772937551.861408,-0.5915758962578599
1772937551.861416,0.15577109188634097
1772937551.861424,0.2898167145832051
1772937551.861432,-0.15961469782152118
1772937551.86144,-0.675085878736576
1772937551.861448,-0.6938485190221128
1772937551.8614564,-0.12454661415147564
1772937551.8614645,0.5918524935625163
1772937551.8614721,0.9599345662678975
1772937551.8614802,0.9324156260180902
1772937551.86149,0.8864975559412795
1772937551.8614993,1.1385503935431567
1772937551.8615072,1.6045466294806159
1772937551.8615153,2.0030085060536544
1772937551.8615232,2.286297036627567
1772937551.8615315,2.6904155759108637
1772937551.8615396,3.3179519153554757
1772937551.8615477,3.837169911067984
1772937551.861556,3.7808448795740697
1772937551.8615642,3.1353919675480713
1772937551.8615725,2.4555976819816743
1772937551.8615806,2.281819858952504
1772937551.8615887,2.537253855010125
1772937551.8615973,2.6673758562462764
1772937551.8616052,2.375353129348243
1772937551.8616133,2.032895029601144
1772937551.861621,2.225076736201816
1772937551.8616292,2.9830739585726325
1772937551.8616376,3.679779361369393
1772937551.8616457,3.7430946977619173
1772937551.8616533,3.304687884608318
1772937551.8616617,2.9781994936497287
1772937551.8616693,3.0666679352144985
1772937551.8616772,3.2193820001468936
1772937551.8616848,2.9636080339897
1772937551.861693,2.3947608758339602
1772937551.8617008,2.1029754162259384
1772937551.8617089,2.4174492841979127
1772937551.8617165,2.957813568767578
1772937551.861725,3.1008938968938016
1772937551.8617334,2.7801942301975946
1772937551.8617413,2.579589175163944
1772937551.8617492,2.972409501232807
1772937551.861757,3.6634746836020224
1772937551.861765,3.8908641852244816
1772937551.8617723,3.349063916205261
1772937551.8617802,2.6121994614409996
1772937551.8617883,2.5425604222139078
1772937551.861796,3.3882852524367792
1772937551.8618038,4.59404037486537
1772937551.8618116,5.437985576007169
1772937551.8618195,5.665625739205267
1772937551.8618279,5.454937996652103
1772937551.8618357,4.977646002334439
1772937551.8618436,4.251911775739939
1772937551.8618512,3.4203920467463833
1772937551.861859,2.9011644705008783
1772937551.8618667,3.0295943158445544
1772937551.8618746,3.590371177516889
1772937551.8618832,3.9134401066577738
1772937551.8618913,3.5336722343555182
1772937551.861899,2.657944176112171
1772937551.861907,1.873965537630053
1772937551.8619149,1.4703428638206455
1772937551.8619227,1.2138232108522111
1772937551.8619308,0.8191639968835475
1772937551.8619387,0.43983788730133044
1772937551.8619468,0.4932893771552494
1772937551.8619552,1.0396294631312963
1772937551.8619635,1.5679029797706527
1772937551.8619714,1.5490711271303785
1772937551.8619792,1.100658253451202
1772937551.861987,0.8956582133254157
1772937551.8619952,1.362866880105232
1772937551.862003,2.1403921422280106
1772937551.8620112,2.4837657883191917
1772937551.862019,2.1703735352612403
1772937551.862027,1.8006451825266891
1772937551.8620348,2.0870697446652304
1772937551.862043,2.9377110420865042
1772937551.8620512,3.424052695046375
1772937551.8620594,2.7239303787496203
1772937552.1011183,1.0157815561966914
1772937552.1011872,0.20479135220790362
1772937552.1012151,-0.13368269018717002
1772937552.1012468,0.07038781344674964
1772937552.1012633,0.561521715477781
1772937552.1012783,0.9454447285810346
1772937552.101293,0.935103569593691
1772937552.101303,0.559761238474742
1772937552.1013124,0.14997862112290988
1772937552.1013222,0.015048674073063354
1772937552.101332,0.09050114086410713
1772937552.1013412,-0.007364870846761619
1772937552.1013503,-0.4972535680734856
1772937552.1013591,-1.0781288582729822
1772937552.101369,-1.2099678722049767
1772937552.1013863,-0.768296506050475
1772937552.101398,-0.26046842265001485
1772937552.101408,-0.25738756502036064
1772937552.1014168,-0.689677467583395
1772937552.1014254,-0.9042157381362043
1772937552.1014345,-0.4652644927865558
1772937552.1014433,0.28077415555379026
1772937552.101452,0.6103515017348673
1772937552.101462,0.3210273648020566
1772937552.101476,0.00030316984282728756
1772937552.1014905,0.3131096271248298
1772937552.101502,1.1853878624217224
1772937552.1015117,1.885559899410505
1772937552.101521,1.8747570559106967
1772937552.1015298,1.3652372566672257
1772937552.1015384,0.9599471485296622
1772937552.1015472,0.9268649100146318
1772937552.101556,1.0438627830500105
1772937552.1015644,1.1005527085205484
1772937552.1015732,1.2609733744513112
1772937552.1015823,1.7550614741993864
1772937552.101591,2.3671873501310445
1772937552.1016,2.523770864110984
1772937552.1016088,1.9744622176256266
1772937552.1016178,1.20504147712648
1772937552.1016269,0.9909735223487355
1772937552.1016357,1.5725020389915387
1772937552.1016445,2.415428998790748
1772937552.1016536,2.8054783634415124
1772937552.101663,2.5487781504903184
1772937552.1016736,2.0272544644930175
1772937552.1016881,1.704863115502969
1772937552.1017025,1.7465979004753969
1772937552.101716,2.066345734361894
1772937552.101725,2.5034407440593798
1772937552.1017337,2.8250553524986213
1772937552.101744,2.7273838072073557
1772937552.1017528,2.103565694332444
1772937552.1017613,1.3372938121575044
1772937552.1017704,1.0803764695718097
1772937552.1017797,1.5251983347996354
1772937552.1017888,1.9788636377386397
1772937552.101798,1.4168575141119746
1772937552.58395,-38352.03502231876
1772937552.5839837,-19724.642856209957
1772937552.5840158,1759.6753088744488
1772937552.584042,10236.838753279239
1772937552.5840676,4343.0737504393865
1772937552.5840871,-4340.971166900968
1772937552.5841084,-5412.112120873071
1772937552.5841365,234.00249455280778
1772937552.5841517,4308.038022890091
1772937552.584161,2241.3332141534443
1772937552.5841696,-2242.1699082712644
1772937552.5841787,-3149.7453544608775
1772937552.5841873,84.16277209486789
1772937552.584196,2752.945941208245
1772937552.584205,1527.9013831916118
1772937552.5842197,-1525.1470406599688
1772937552.584231,-2247.341113732973
1772937552.5842397,42.475083352538086
1772937552.5842483,2048.6176407744856
1772937552.5842576,1172.5155769140558
1772937552.5842662,-1173.5818447036415
1772937552.5842752,-1773.3707225864077
1772937552.5842843,23.76516779997799
1772937552.584293,1653.60295934589
1772937552.584302,963.9708984006866
1772937552.5843108,-968.6037233798479
1772937552.5843196,-1486.6518250986026
1772937552.58433,14.611543762453305
1772937552.5843396,1408.2153350125157
1772937552.5843482,832.6690263154766
1772937552.5843568,-834.8034953834931
1772937552.5843651,-1297.2120949322784
1772937552.5843747,10.778923218714404
1772937552.5843832,1246.0553492846927
1772937552.584392,744.8711670716032
1772937552.584401,-744.2212181383222
1772937552.5844095,-1168.1857650760626
1772937552.5844178,8.110808014671958
1772937552.584494,1134.142069666086
1772937552.5845034,683.1006905279005
1772937552.5845118,-683.7880415442982
1772937552.5845203,-1081.661831907582
1772937552.5845287,3.8123515556066705
1772937552.5845377,1055.4739517545593
1772937552.5845475,640.5707949878555
1772937552.5845573,-641.0636380950348
1772937552.584566,-1020.3802396893147
1772937552.5845745,3.8427614493677393
1772937552.5845833,1005.5959099743887
1772937552.5845923,613.9692042882853
1772937552.5846007,-613.8678319272399
1772937552.5846105,-983.8629968766663
1772937552.5846255,0.40721776682569183
1772937552.5846384,972.4647544385493
1772937552.584652,596.6769267503698
1772937552.5846603,-599.576581452899
1772937552.5846696,-965.122534599585
1772937552.5846791,-1.1799316937758122
1772937552.5846877,959.0972618868984
1772937552.5847003,592.1849130147411
1772937552.5847151,-593.7651991472333
1772937552.5847292,-961.6324858349201
1772937552.584739,-2.3906448335139214
1772937552.5847476,961.2384358317947
1772937552.5847564,596.0371202149227
1772937552.5847652,-599.9209468369381
1772937552.584774,-975.9418412087364
1772937552.5847824,-4.426727071506175
1772937552.5847907,979.54168385942
1772937552.5847993,609.7412411881298
1772937552.5848076,-617.5912596581248
1772937552.584816,-1008.7051456584749
1772937552.5848243,-6.585116994825352
1772937552.584834,1017.7900245118789
1772937552.5848427,638.3235267082434
1772937552.5848515,-643.7538884836271
1772937552.5848598,-1059.156947685472
1772937552.5848684,-7.758022421316657
1772937552.5848773,1077.7144066875965
1772937552.5848856,679.8343909979595
1772937552.5848942,-687.2305233940963
1772937552.5849025,-1138.3931807839035
1772937552.5849113,-12.073071195503752
1772937552.58492,1164.874278730275
1772937552.5849288,741.3733376094183
1772937552.5849376,-747.9470594275138
1772937552.5849469,-1249.941132876243
1772937552.5849552,-15.422767502659282
1772937552.5849638,1292.3780789792797
1772937552.5849724,830.2890340093011
1772937552.5849807,-836.8209167392596
1772937552.5849893,-1412.3640980456719
1772937552.584998,-19.20924150085424
1772937552.5850065,1481.3117372395832
1772937552.5850148,962.5540428954037
1772937552.5850232,-970.2531912277677
1772937552.5850315,-1659.3249333891017
1772937552.58504,-28.350574707519815
1772937552.585049,1769.7092055812575
1772937552.5850575,1169.92726178918
1772937552.585066,-1176.8999145933442
1772937552.5850747,-2053.443351602958
1772937552.5850837,-46.615077533231116
1772937552.5850925,2244.728545413877
1772937552.585101,1523.7671721418037
1772937552.5851097,-1529.1182076290102
1772937552.5851183,-2754.7460247700587
1772937552.5851269,-86.43518830695166
1772937552.5851357,3147.438765004088
1772937552.5851443,2239.880957063209
1772937552.5851529,-2243.8093820490385
1772937552.5851617,-4310.4330277337895
1772937552.5851703,-235.4412752653568
1772937552.5851789,5412.178896406641
1772937552.5851877,4341.826853679424
1772937552.5851965,-4343.02660182396
1772937552.5852053,-10238.534308294225
1772937552.5852137,-1762.328097514864
1772937552.5852232,19722.882774757058
1772937552.5852318,38352.383085097004
1772937553.0649066,-37.02267336222787
1772937553.064947,-58.30298475558667
1772937553.0649724,-1.280470294695563
1772937553.0649989,55.956806196850216
1772937553.0650272,35.068637559076784
1772937553.0650723,-34.47845709583563
1772937553.0650983,-56.14375463032823
1772937553.0651252,0.1743049120924461
1772937553.065152,56.22561709160793
1772937553.065179,33.458271268656055
1772937553.0652063,-37.83289409572647
1772937553.0652208,-59.48213646385877
1772937553.065232,-0.9098793857995298
1772937553.0652447,57.837877646615325
1772937553.0652635,35.899781994896415
1772937553.065277,-36.46356470154272
1772937553.0652907,-58.83768050109386
1772937553.0652995,0.7630990339985583
1772937553.0653083,60.77539077968197
1772937553.065317,37.98796004792163
1772937553.0653255,-36.94053742378641
1772937553.0653346,-60.567498050189386
1772937553.0653436,0.6542628438629606
1772937553.0653534,62.77649789929243
1772937553.0653627,39.24067782204669
1772937553.0653715,-38.915160365520485
1772937553.0653803,-64.37578638039287
1772937553.0653944,-1.4660922945863886
1772937553.065408,63.18467751584511
1772937553.0654233,39.230154569486274
1772937553.0654368,-41.642966578220225
1772937553.0654511,-67.67988484905742
1772937553.0654633,-1.3985390543258207
1772937553.065472,66.57297769491238
1772937553.0654807,41.28543140582186
1772937553.0654893,-43.986181718657086
1772937553.065498,-71.25269019665915
1772937553.0655067,-0.7888403125861192
1772937553.0655155,71.15726156312274
1772937553.0655243,43.31456310202071
1772937553.065538,-48.967703685869914
1772937553.0655527,-79.10548646948413
1772937553.0655663,-3.566606595909898
1772937553.06558,74.8691324582904
1772937553.0655887,46.58839472735753
1772937553.0655973,-51.66115380427357
1772937553.0656059,-83.80305634358265
1772937553.0656147,-2.12412577367684
1772937553.0656233,82.76535164178814
1772937553.065632,51.71395022689141
1772937553.0656407,-55.90977509980188
1772937553.0656495,-91.66942848184954
1772937553.06566,-2.57022593992408
1772937553.065669,90.70107410317847
1772937553.0656776,56.63404894332464
1772937553.0656862,-62.390952994070666
1772937553.0656948,-102.31632086312568
1772937553.0657032,-3.077623844340227
1772937553.0657117,102.24426520039775
1772937553.0657206,66.1756486263548
1772937553.0657296,-66.15749053593439
1772937553.0657434,-111.959710001564
1772937553.0657575,-2.3164232027775835
1772937553.0657723,115.01237600185566
1772937553.0657864,73.85177346006729
1772937553.0657997,-75.99966333371052
1772937553.0658088,-127.73074327430385
1772937553.0658174,-2.1264460500181888
1772937553.065826,132.65019276899332
1772937553.0658388,85.19584427987458
1772937553.065853,-88.62370103318486
1772937553.0658665,-149.6577283942537
1772937553.0658753,-3.836733080665672
1772937553.0658836,154.53748133831675
1772937553.065892,100.17986357091644
1772937553.0659008,-104.29751627504812
1772937553.0659091,-177.44661186345908
1772937553.0659177,-4.919360205270823
1772937553.0659263,184.74299265959334
1772937553.065935,120.75555400036684
1772937553.0659435,-125.53695822530246
1772937553.0659523,-215.0721951909757
1772937553.0659616,-5.030580958291707
1772937553.0659704,229.13652912094912
1772937553.0659788,152.4112302255886
1772937553.0659878,-153.2880374246799
1772937553.065997,-267.9193551207467
1772937553.0660052,-6.351257920737162
1772937553.066014,290.68898056955834
1772937553.0660255,194.92880752305334
1772937553.0660396,-198.40779650976842
1772937553.0660536,-350.43435510611187
1772937553.0660627,-10.3790162594623
1772937553.0660715,385.12924092100224
1772937553.06608,263.4734257331786
1772937553.066089,-265.1307979535911
1772937553.0660975,-477.62048081205154
1772937553.066106,-13.198170155421327
1772937553.0661156,543.4850486198
1772937553.0661247,379.88420046358254
1772937553.0661333,-380.6104576545966
1772937553.0661416,-705.3416201503261
1772937553.06615,-26.591207816961756
1772937553.0661585,827.5631311727886
1772937553.066167,599.968345679929
1772937553.0661757,-598.7150167538596
1772937553.0661843,-1159.6056308912373
1772937553.066193,-60.94795498875588
1772937553.0662017,1435.5211077725407
1772937553.0662105,1103.7632607999662
1772937553.06622,-1108.3668593884981
1772937553.066229,-2321.705660651825
1772937553.0662377,-194.04643189351108
1772937553.0662463,3221.621046476559
1772937553.0662549,2850.3622654440787
1772937553.0662632,-2852.6525362276157
1772937553.0662715,-7542.811093031893
1772937553.06628,-1674.9854341159398
1772937553.0662885,16635.12025075836
1772937553.066297,36150.11587996822
1772937553.5444024,0.17889095713683278
1772937553.5444407,0.047704697848155946
1772937553.5444672,0.17895573149378435
1772937553.5444937,0.4582694605339546
1772937553.54455,0.4969485813696268
1772937553.544577,0.15058530369438405
1772937553.5446033,-0.2369839647452768
1772937553.5446315,-0.20529109820902192
1772937553.544657,0.2645849145161932
1772937553.5446832,0.6767524891325811
1772937553.5447102,0.5257572093899753
1772937553.5447228,-0.19878945602228137
1772937553.544731,-1.0500772348018628
1772937553.5447392,-1.5956846283533126
1772937553.544747,-1.7619577009822363
1772937553.5447557,-1.730642852372308
1772937553.5447638,-1.6263051872971455
1772937553.544772,-1.4157847585100964
1772937553.544785,-1.093653715651148
1772937553.544794,-0.8452363665145681
1772937553.5448024,-0.9284441800204186
1772937553.5448103,-1.38936370960195
1772937553.5448189,-1.9473518817688953
1772937553.5448272,-2.2079958452402053
1772937553.544835,-2.0128500547899333
1772937553.5448432,-1.5926626420811574
1772937553.5448513,-1.3755481539350107
1772937553.5448592,-1.6124801438464045
1772937553.5448675,-2.1425110523944406
1772937553.5448756,-2.507842747777473
1772937553.5448837,-2.3358707684013744
1772937553.544892,-1.6632590419060667
1772937553.5449004,-0.9053327005266931
1772937553.5449085,-0.4870832523710589
1772937553.5449164,-0.4823323494787982
1772937553.5449247,-0.6138218738306996
1772937553.5449333,-0.6036116867087347
1772937553.5449424,-0.49330021414162945
1772937553.5449505,-0.5868940761471421
1772937553.5449584,-1.0846129232348054
1772937553.5449665,-1.8137891439397855
1772937553.5449743,-2.3468809558246395
1772937553.5449824,-2.3734917357955143
1772937553.5449905,-1.9475419001570466
1772937553.544999,-1.4035501515589066
1772937553.5450068,-1.0756935645462855
1772937553.5450149,-1.0778178145886719
1772937553.545023,-1.2621000046471518
1772937553.5450313,-1.3205135877144254
1772937553.54504,-0.974388306348036
1772937553.5450478,-0.1928875184522502
1772937553.545056,0.710223860107643
1772937553.5450644,1.2690352395019986
1772937553.5450723,1.2727160765746404
1772937553.54508,1.001526662285848
1772937553.5450883,0.9678991580938564
1772937553.5450964,1.356593388559847
1772937553.5451045,1.777334165421148
1772937553.5451124,1.6761892211319322
1772937553.5451205,0.9941918954392965
1772937553.5451283,0.30212338681731216
1772937553.5451365,0.19979657212055552
1772937553.5451443,0.6526601388907111
1772937553.545153,1.063489219886623
1772937553.5451608,1.0154939121143114
1772937553.545169,0.7854366374262995
1772937553.5451777,0.9721145142075213
1772937553.545185,1.6753869797699596
1772937553.5451932,2.2647680197330082
1772937553.545201,2.0971178698881814
1772937553.5452087,1.3580152331901654
1772937553.5452168,0.9712639935743149
1772937553.545225,1.5912906790544175
1772937553.5452328,2.8135823817086663
1772937553.5452409,3.545523259143421
1772937553.5452487,3.161442751296807
1772937553.5452566,2.160978510481026
1772937553.5452647,1.6153869326736703
1772937553.5452733,2.0473544297056385
1772937553.5452816,2.9703775921058844
1772937553.5452895,3.50379644435476
1772937553.5452974,3.2879712132074057
1772937553.5453055,2.7097825019465835
1772937553.5453131,2.337296930284278
1772937553.5453212,2.323845888071665
1772937553.5453289,2.4205633087584966
1772937553.545354,2.4258535841560036
1772937553.5453618,2.439698774066172
1772937553.5453696,2.6544758891003957
1772937553.5453775,3.034369660299685
1772937553.5453856,3.324506598554232
1772937553.5453932,3.356733743066294
1772937553.545401,3.242384023303853
1772937553.5454087,3.219471020335711
1772937553.5454175,3.3688126247044523
1772937553.5454257,3.547095458632742
1772937553.5454335,3.5791246016652294
1772937553.5454412,3.4390584207396495
1772937553.5454493,3.216195591987722
1772937553.5454571,2.966252446128062
1772937553.545465,2.6704872656409977
1772937553.5454729,2.3299634458515364
1772937553.5454805,2.0130635917237414
1772937553.5454884,1.7505854984716427
1772937553.5454965,1.4235382778358805
1772937553.5455043,0.85077984133612
1772937553.5455124,0.03819989162955267
1772937553.5455208,-0.7002740857732028
1772937553.545529,-0.9528549985941182
1772937553.5455368,-0.59091893095992
1772937553.5455449,0.06368255343262012
1772937553.5455527,0.47839823556189764
1772937553.5455606,0.3406261541706973
1772937553.5455685,-0.22078630466215796
1772937553.5455763,-0.7970358455904325
1772937553.5455844,-1.0466866189358872
1772937553.5455923,-0.9043232133082438
1772937553.5456002,-0.5239699450508575
1772937553.545608,-0.08985091416778704
1772937553.545616,0.315449742367024
1772937554.0250134,-0.694003864306295
1772937554.0250597,-0.5620047992291111
1772937554.0250924,-0.035682579676938136
1772937554.0251331,0.6625807068880202
1772937554.0251656,1.0508156042995336
1772937554.0251927,0.8948912519068473
1772937554.0252204,0.4578685110945057
1772937554.0252497,0.18942569491392436
1772937554.0252776,0.2204502488397066
1772937554.0253046,0.26338663021911574
1772937554.025332,0.021090658282987534
1772937554.0253448,-0.40851369418064376
1772937554.0253572,-0.6196114288161421
1772937554.02537,-0.35524282297900034
1772937554.0253825,0.2112227081445782
1772937554.0253959,0.6605018622248092
1772937554.0254092,0.7149918515009607
1772937554.0254211,0.4068232516916079
1772937554.0254333,-0.051834967621338934
1772937554.0254457,-0.44898389962160096
1772937554.02546,-0.635509016052652
1772937554.025472,-0.5512001148046645
1772937554.0254848,-0.29275573029079804
1772937554.0254974,-0.09756237666266225
1772937554.0255094,-0.12460695094289417
1772937554.0255218,-0.22398573301798708
1772937554.025534,-0.0432037521103739
1772937554.025546,0.5312142457177106
1772937554.0255585,1.0919590587078525
1772937554.02557,1.0260470997909434
1772937554.0255828,0.18798633115273913
1772937554.0255954,-0.8168288123595954
1772937554.0256088,-1.1352668444739706
1772937554.025622,-0.4768353461377968
1772937554.0256343,0.6220199990768844
1772937554.0256467,1.3413435496566999
1772937554.0256588,1.3222081173145834
1772937554.0256712,0.8595515137366466
1772937554.0256832,0.4673483053501221
1772937554.0256958,0.38603145032399666
1772937554.025708,0.5104550753122535
1772937554.0257206,0.6424780962684776
1772937554.0257325,0.6786704551614259
1772937554.0257452,0.5905843447805702
1772937554.0257583,0.37607638616862427
1772937554.0257714,0.10831576939422007
1772937554.025784,-0.043083224020607304
1772937554.0257964,0.05196239051666907
1772937554.0258088,0.32528415934576654
1772937554.0258212,0.5641088616991053
1772937554.0258334,0.6439816424355862
1772937554.0258455,0.6372597933984468
1772937554.0258577,0.6423813100803399
1772937554.0258696,0.578546845056773
1772937554.025882,0.27105818057198955
1772937554.0258937,-0.24654506000371557
1772937554.025906,-0.6367987474466693
1772937554.0259187,-0.5732911466117926
1772937554.0259311,-0.12375648044256883
1772937554.0259433,0.2867567168947291
1772937554.0259554,0.32672788648176765
1772937554.0259688,0.0979153410908736
1772937554.0259817,-0.02761355737088519
1772937554.025994,0.15690195934657783
1772937554.0260065,0.522677878115624
1772937554.0260189,0.8527086304993138
1772937554.0260308,1.116171551958196
1772937554.0260432,1.399508195174894
1772937554.0260556,1.6429080219372023
1772937554.026068,1.6120546782605685
1772937554.02608,1.1903179076193433
1772937554.0260923,0.596592633065105
1772937554.0261047,0.20101707461250068
1772937554.0261176,0.14759760312486855
1772937554.0261304,0.2617716585261038
1772937554.0261433,0.3423876686476098
1772937554.0261552,0.4232030975544677
1772937554.026168,0.6463464049435429
1772937554.0261803,0.9452233803892539
1772937554.0261948,1.0204991073668803
1772937554.0262072,0.6994917259058163
1772937554.0262215,0.2190209740283355
1772937554.0262341,0.02342851004143813
1772937554.0262463,0.28338752386938204
1772937554.0262592,0.7139077331880359
1772937554.0262716,0.9044265771329992
1772937554.026284,0.7442431501704498
1772937554.0262983,0.44523539180641486
1772937554.0263107,0.20728829005035732
1772937554.0263233,0.004467072375606677
1772937554.0263364,-0.25642399879399363
1772937554.026349,-0.4867996044224802
1772937554.0263612,-0.46295462396250464
1772937554.0263736,-0.11516021157884816
1772937554.0263858,0.34578132763776787
1772937554.0263982,0.6486911689245844
1772937554.0264106,0.7403706617175606
1772937554.026423,0.7673204381775924
1772937554.0264351,0.8235781134964418
1772937554.0264473,0.8352348121271208
1772937554.02646,0.7279079679603023
1772937554.026472,0.602366295564817
1772937554.0264847,0.633464617483279
1772937554.0264976,0.8233985673633156
1772937554.0265098,0.9790535016828229
1772937554.0265224,0.9804035629092986
1772937554.0265343,0.9718315932232401
1772937554.0265472,1.170625943729888
1772937554.0265596,1.5059743586738368
1772937554.0265715,1.5825608259922124
1772937554.026584,1.0899710480923308
1772937554.026596,0.20402173297287846
1772937554.0266085,-0.5070599963271449
1772937554.0266206,-0.592278082444833
1772937554.0266328,-0.10154868359141801
1772937554.0266457,0.5111830855856326
1772937554.0266576,0.7733242849604879
1772937554.0266695,0.45696792679013515
1772937554.026682,-0.4058232684859374
1772937554.0266953,-1.57939796085385
1772937554.5064342,0.09340152898854262
1772937554.506482,0.049850993311307205
1772937554.5065124,-0.09433416696016433
1772937554.506539,-0.2481941146002996
1772937554.5065658,-0.43544426819446574
1772937554.5065937,-0.6720990581485358
1772937554.5066252,-0.8244806429603846
1772937554.5066571,-0.746421251467125
1772937554.5066948,-0.5468916434075656
1772937554.5067253,-0.5685693492123104
1772937554.5067377,-1.0118401955955394
1772937554.5067487,-1.655783495522487
1772937554.5067587,-2.0640919137704468
1772937554.5067675,-2.0548931618843214
1772937554.5067759,-1.863523573969165
1772937554.5068176,-1.8160446685353095
1772937554.5068257,-1.9470834074193353
1772937554.5068345,-2.027541849041654
1772937554.5068424,-1.9039724208554383
1772937554.5068507,-1.6717152890213642
1772937554.506859,-1.494449275654019
1772937554.5068722,-1.3891561490869182
1772937554.5068803,-1.2963383180270482
1772937554.5068889,-1.2852865094457162
1772937554.5068967,-1.5199518811505863
1772937554.5069048,-1.9798230289321797
1772937554.506913,-2.3520256468726615
1772937554.5069208,-2.3308235079054094
1772937554.506931,-1.9820998598680875
1772937554.50694,-1.6753302327337602
1772937554.5069485,-1.6318069377555935
1772937554.5069563,-1.6692067857575834
1772937554.5069644,-1.4845908599606223
1772937554.5069723,-1.0926256720500764
1772937554.506984,-0.8099271083901778
1772937554.5070012,-0.7930804102551707
1772937554.5070136,-0.7774087832288438
1772937554.507025,-0.4261319568293787
1772937554.5070357,0.14132544538757408
1772937554.507047,0.38254132810816394
1772937554.5070589,-0.029272422281818197
1772937554.5070696,-0.7428296959111724
1772937554.5070806,-1.0696584716500033
1772937554.507092,-0.7637457985582351
1772937554.507103,-0.3012324126780267
1772937554.507114,-0.3148592918374268
1772937554.5071256,-0.8632859807326708
1772937554.5071368,-1.3944435832922022
1772937554.507148,-1.4019036167702275
1772937554.5071592,-0.9706423202095952
1772937554.507171,-0.6189283734847439
1772937554.507183,-0.7128771692635395
1772937554.5071952,-1.1523719639167218
1772937554.5072072,-1.5800724320141535
1772937554.5072188,-1.7368802523184008
1772937554.5072303,-1.5574574607169298
1772937554.507242,-1.0536424060164504
1772937554.5072572,-0.2729772471520449
1772937554.5072715,0.6166392716312017
1772937554.5072844,1.3272558459502544
1772937554.5072968,1.6248513215439182
1772937554.5073092,1.4838767561000024
1772937554.507322,1.0468465187301519
1772937554.5073335,0.4959720227171947
1772937554.5073469,0.029937282719551265
1772937554.507359,-0.11348165879477802
1772937554.5073683,0.19558592165201436
1772937554.507377,0.7221143816648256
1772937554.5073845,0.8956266878196709
1772937554.5073934,0.3122839373745018
1772937554.507402,-0.7461031188830306
1772937554.50741,-1.4486878349392813
1772937554.5074182,-1.2118576032174415
1772937554.5074263,-0.3214525277120737
1772937554.507434,0.3613897355571641
1772937554.507442,0.3173901610309458
1772937554.50745,-0.13520669943233837
1772937554.507458,-0.3146172393374127
1772937554.507466,-0.004624891414273748
1772937554.507474,0.36345189912385456
1772937554.507482,0.3242965381590348
1772937554.5074897,-0.04823899288972007
1772937554.5074975,-0.31350896730664435
1772937554.5075068,-0.2715706832187218
1772937554.5075147,-0.15988261665177123
1772937554.5075228,-0.21426354333123965
1772937554.5075316,-0.2611880846019972
1772937554.50754,0.05072882836834504
1772937554.5075479,0.686730809014164
1772937554.5075557,1.137324272018207
1772937554.5075636,0.9947890427258321
1772937554.5075717,0.47091207758030024
1772937554.5075796,0.16710363332039882
1772937554.5075877,0.3697916535479931
1772937554.5075953,0.7623533117475559
1772937554.5076032,0.8994032170369683
1772937554.5076115,0.80241317133094
1772937554.5076194,0.9025092248999963
1772937554.5076275,1.4279268991386582
1772937554.507636,2.0465824784049804
1772937554.507644,2.2158120959242837
1772937554.507652,1.779441990917891
1772937554.50766,1.0874124414505335
1772937554.507668,0.5744712929373059
1772937554.507676,0.38377075685383044
1772937554.5076835,0.4327805541128882
1772937554.5076916,0.6620323310077582
1772937554.5076995,1.038524486066524
1772937554.5077078,1.3800033145624555
1772937554.5077157,1.4198819069853643
1772937554.5077236,1.1712206108496916
1772937554.5077317,1.090611169748217
1772937554.5077395,1.6697759814055022
1772937554.5077477,2.834524082666021
1772937554.5077555,3.8990609058687653
1772937554.5077639,4.219843017118853
1772937554.507772,3.8238417042093045
1772937554.5077798,3.27945540917599
1772937554.5077877,2.985326010523367
1772937554.5077956,2.7407598623309624
1772937554.5078037,2.075876769002888
1772937554.9862523,1.177151431250579
1772937554.9863071,0.4768926494889731
1772937554.9863446,0.17801828498775485
1772937554.9863796,0.3369556389163492
1772937554.986411,0.5585081209870518
1772937554.986444,0.4442101830233902
1772937554.986479,0.07657285202052065
1772937554.9865117,-0.04186555948138795
1772937554.9865432,0.43915106170387774
1772937554.9865615,1.2572906440857685
1772937554.986575,1.7121793229323474
1772937554.9865873,1.3274149408473708
1772937554.9865997,0.34070679571523343
1772937554.986612,-0.46972496872010755
1772937554.9866245,-0.46757663127864213
1772937554.9866376,0.282286656441695
1772937554.98665,1.085243727661304
1772937554.9866624,1.2491101962776794
1772937554.9866743,0.70704476534884
1772937554.9866865,0.0693564662737304
1772937554.9866986,0.049288758488204965
1772937554.9867158,0.7785711946767938
1772937554.986731,1.6502540541608424
1772937554.986748,1.854982089980931
1772937554.986767,1.1195326966529242
1772937554.9867802,-0.05342467512242871
1772937554.9867911,-0.8679277941376179
1772937554.9868016,-0.9526349842255365
1772937554.986812,-0.610972106244155
1772937554.9868228,-0.4071354438149697
1772937554.9868329,-0.5744175887239626
1772937554.9868436,-0.85864547491942
1772937554.9868546,-0.8801787382999023
1772937554.986868,-0.5448627172496346
1772937554.986882,-0.06936729302396229
1772937554.9869013,0.3042119893270851
1772937554.986915,0.4996188493239463
1772937554.9869275,0.5163568481526449
1772937554.9869404,0.28951937031027264
1772937554.9869535,-0.2240784732972291
1772937554.9869661,-0.8301099906821449
1772937554.9869795,-1.1088007901050665
1772937554.9869924,-0.7697523545285808
1772937554.9870424,-0.0011489508114730144
1772937554.987056,0.6122619558789573
1772937554.9870684,0.576661113692518
1772937554.9870815,-0.09819226629282389
1772937554.9870944,-0.95663932126171
1772937554.9871075,-1.5098826728709043
1772937554.9871204,-1.5622470479462782
1772937554.9871328,-1.2058682939741727
1772937554.9871452,-0.6401471121825145
1772937554.987167,-0.06893615015095912
1772937554.987184,0.315790508414552
1772937554.9872017,0.41631397896427735
1772937554.9872146,0.3604357538940313
1772937554.987233,0.45229123106768354
1772937554.9872463,0.8590564223955832
1772937554.9872594,1.340743756302953
1772937554.9872775,1.4163133992182637
1772937554.9872916,0.8994532751590293
1772937554.9873064,0.22609263706394928
1772937554.9873233,0.1166659507339063
1772937554.987336,0.8419745150602547
1772937554.9873495,1.8749262094235741
1772937554.9873636,2.3520083225073365
1772937554.9873765,1.8857382461575996
1772937554.987395,0.8720723405186455
1772937554.987408,0.004247201654293747
1772937554.9874203,-0.41494278086792935
1772937554.9874327,-0.601800219956257
1772937554.9874456,-0.8160334449163288
1772937554.987458,-0.9515928423613476
1772937554.9874709,-0.7216756919793583
1772937554.9874837,-0.17004871326411355
1772937554.987501,0.20103106360059547
1772937554.987516,-0.07300141225485458
1772937554.9875295,-0.8585003962279504
1772937554.9875472,-1.4910182242933188
1772937554.9875624,-1.4424300633698082
1772937554.9875753,-0.8476507059234826
1772937554.9875896,-0.3054473593845029
1772937554.9876032,-0.20387111628770072
1772937554.9876204,-0.34505937285718985
1772937554.9876351,-0.2576728244804706
1772937554.9876482,0.21977745530573953
1772937554.987666,0.7699474476150706
1772937554.987681,0.9895120388072136
1772937554.9876935,0.8356625638563303
1772937554.987712,0.6130675453849592
1772937554.9877253,0.5744330836431711
1772937554.987738,0.6426276208835096
1772937554.98775,0.5592117252944303
1772937554.987764,0.2365330990851681
1772937554.9877827,-0.11101574833736527
1772937554.9877963,-0.17529310114100286
1772937554.9878094,0.16082148841022179
1772937554.9878216,0.7458640943333565
1772937554.9878347,1.3010406040184748
1772937554.987847,1.6069201768051218
1772937554.9878592,1.6192864799311115
1772937554.9878767,1.501453006735928
1772937554.987891,1.544594112854033
1772937554.9879043,1.9388267175823186
1772937554.987918,2.518392541072952
1772937554.9879308,2.772865872491744
1772937554.9879432,2.259858871901347
1772937554.987956,1.101353827319094
1772937554.9879975,0.014347877874331375
1772937554.988014,-0.27775322100515654
1772937554.9880311,0.2848372038939551
1772937554.9880495,1.064407060281612
1772937554.9880624,1.4010736130971355
1772937554.9880748,1.27345436573363
1772937554.9880872,1.2121833802864705
1772937554.9881003,1.578858808215777
1772937554.988115,2.059724107499344
1772937554.9881325,1.9761651787864234
1772937554.988146,1.0599289633068467
1772937554.988158,-0.19789754861918532
1772937555.3861597,0.07985175404845456
1772937555.3861983,1.0150211539586582
1772937555.3862214,1.4387096379526918
1772937555.3862443,0.7743437006004957
1772937555.386264,-0.3572736730345465
1772937555.386284,-0.7352731849094418
1772937555.3862977,0.1952085266888277
1772937555.3863063,1.7463882294081166
1772937555.3863156,2.6914646177329073
1772937555.3863246,2.4529376481160816
1772937555.386334,1.5235643345566734
1772937555.3863432,0.7833476671844823
1772937555.3863523,0.5644876011033109
1772937555.386361,0.4672415300320717
1772937555.3863697,-0.00705169625675569
1772937555.3863783,-0.8186098663876369
1772937555.386387,-1.4387314377235252
1772937555.3863957,-1.433643973480545
1772937555.3864045,-0.8909708953256034
1772937555.386415,-0.28820533226158224
1772937555.3864248,-0.04792517277871831
1772937555.3864336,-0.2597598719537627
1772937555.3864424,-0.7355666528247727
1772937555.3864508,-1.2037910475089937
1772937555.3864596,-1.4445290509046549
1772937555.386468,-1.3667698311938776
1772937555.3864765,-1.0734371245012504
1772937555.386485,-0.8330938615242499
1772937555.386494,-0.8780503641965571
1772937555.3865027,-1.172482302654462
1772937555.3865163,-1.42829802502171
1772937555.3865252,-1.41279163185163
1772937555.386534,-1.2159497279242464
1772937555.3865423,-1.1328712920183936
1772937555.3865511,-1.2673563720378893
1772937555.3865595,-1.3477646010681261
1772937555.3865683,-1.0377844647008954
1772937555.386577,-0.41287337296171006
1772937555.3865857,-0.0053389501794016215
1772937555.3865943,-0.28437180099854203
1772937555.3866029,-1.1219826087691123
1772937555.3866115,-1.8686108960920171
1772937555.3866203,-1.9907100573671717
1772937555.3866289,-1.5770944752544123
1772937555.3866377,-1.1663967674777265
1772937555.3866465,-1.119969664746052
1772937555.3866549,-1.2608541969566784
1772937555.3866634,-1.1573803364199529
1772937555.3866737,-0.6787954354093619
1772937555.3866832,-0.16971060108127192
1772937555.3866918,-0.06582503032671244
1772937555.3867006,-0.409208441513036
1772937555.3867092,-0.7943363581700916
1772937555.3867183,-0.7676411725857131
1772937555.386727,-0.23707591442530118
1772937555.3867357,0.4914977839470863
1772937555.3867445,1.0098919830570003
1772937555.386753,1.1129684702108593
1772937555.3867617,0.8838642121286379
1772937555.3867702,0.5782959744880639
1772937555.3867793,0.4443810874585867
1772937555.3867881,0.5764759847078335
1772937555.3867967,0.8568876152977032
1772937555.3868053,1.030158554440563
1772937555.386814,0.8927404685483945
1772937555.3868227,0.4630000246481338
1772937555.3868315,-0.02645653892431133
1772937555.38684,-0.31343718616327376
1772937555.3868487,-0.2825334099123019
1772937555.3868575,0.03113055152386187
1772937555.386866,0.5594483528367115
1772937555.3868752,1.2490313724267612
1772937555.386884,1.9693020729114845
1772937555.3868926,2.436523816383571
1772937555.3869011,2.330952268333383
1772937555.38691,1.5510645874718187
1772937555.38692,0.3479682583149813
1772937555.3869364,-0.8222958937026996
1772937555.3869503,-1.6006765687058768
1772937555.3869636,-1.9060804532728477
1772937555.3869727,-1.8719816595895187
1772937555.3869812,-1.665661516985183
1772937555.3869896,-1.3823943094505875
1772937555.3869984,-1.0625896510799588
1772937555.3870068,-0.7413347114334707
1772937555.3870153,-0.4564974867573499
1772937555.387024,-0.23428529427573733
1772937555.3870327,-0.09324245212162259
1772937555.3870413,-0.05673269833787947
1772937555.3870504,-0.14561625298939845
1772937555.3870597,-0.3630694179557343
1772937555.3870685,-0.6968672810311042
1772937555.387078,-1.1168201514739649
1772937555.3870866,-1.5305364313138776
1772937555.3870952,-1.744112684564373
1772937555.3871038,-1.5417206806755261
1772937555.3871124,-0.8928047248026769
1772937555.8048005,38265.5234604262
1772937555.804844,18503.920123783133
1772937555.80487,-3477.609444127112
1772937555.8048968,-11111.876526822613
1772937555.804924,-4216.940389396344
1772937555.8049507,4215.584659189869
1772937555.8049772,4129.480728717085
1772937555.805004,-1953.6856811243683
1772937555.8050303,-5123.903310527171
1772937555.8050594,-2078.6012921949846
1772937555.805071,2077.9841834793697
1772937555.8050797,1804.5684488089191
1772937555.805088,-1804.2255494947478
1772937555.805096,-3505.5731637610647
1772937555.805104,-1324.4572302202275
1772937555.805112,1323.7892575315354
1772937555.80512,839.7038480814514
1772937555.8051283,-1761.659015623903
1772937555.8051364,-2735.638005834888
1772937555.8051443,-928.367177849821
1772937555.8051555,930.5720979432572
1772937555.8051703,297.3151821404209
1772937555.805182,-1744.6690737050824
1772937555.80519,-2274.0004555498244
1772937555.805198,-679.4138225556909
1772937555.8052063,679.0697443123603
1772937555.8052144,-63.61802291505528
1772937555.8052225,-1737.4824765025037
1772937555.8052309,-1955.9756222433239
1772937555.8052387,-501.75318725044804
1772937555.805247,499.7170605309692
1772937555.8052547,-327.886726549495
1772937555.8052628,-1730.8062887479753
1772937555.805271,-1710.8296006077935
1772937555.8052788,-360.17719738725805
1772937555.805287,361.49862462677316
1772937555.8052952,-539.1561730021543
1772937555.805303,-1728.4997748991418
1772937555.805312,-1512.965929013615
1772937555.8053205,-243.7335035752093
1772937555.8053284,245.85358143139015
1772937555.8053365,-718.3189516658937
1772937555.8053443,-1726.7920186879771
1772937555.805352,-1341.415309139879
1772937555.80536,-141.64417762354483
1772937555.805368,142.90864244389581
1772937555.805376,-879.3073624561877
1772937555.8053837,-1724.586617828853
1772937555.8053916,-1182.0653667712845
1772937555.8053997,-44.01511040835083
1772937555.805408,49.15692425842211
1772937555.8054168,-1030.8295073963832
1772937555.8054245,-1724.0122229125438
1772937555.8054323,-1031.0931776110185
1772937555.8054402,48.51992641839711
1772937555.805448,-44.89215374911984
1772937555.8054557,-1182.6343464007232
1772937555.8054638,-1724.231121810241
1772937555.805472,-877.8703345281722
1772937555.8054798,145.01396280542738
1772937555.8054883,-139.4484196222375
1772937555.8054965,-1339.449912696274
1772937555.8055043,-1725.1174698994641
1772937555.805512,-716.9885936508535
1772937555.8055203,246.74412056297402
1772937555.8055284,-243.1893775336473
1772937555.8055363,-1512.3889265465052
1772937555.8055449,-1727.5522938904594
1772937555.805553,-537.9749113143281
1772937555.8055608,362.342012873692
1772937555.805569,-360.095390497735
1772937555.8055768,-1711.2599862675117
1772937555.805585,-1730.9490897429257
1772937555.8055928,-327.0470757966933
1772937555.805601,501.6141953191045
1772937555.8056085,-499.26284526499893
1772937555.8056164,-1953.4279667154078
1772937555.8056242,-1735.1503450349342
1772937555.8056324,-61.53204146803025
1772937555.8056405,680.9387233318033
1772937555.8056488,-677.7834744433349
1772937555.805657,-2272.7130533159184
1772937555.8056645,-1743.9326135950528
1772937555.8056724,297.25064301611906
1772937555.8056805,929.6471300166609
1772937555.8056884,-929.7775844850518
1772937555.8056965,-2736.798048372399
1772937555.8057053,-1761.933994222622
1772937555.805718,840.3845902667182
1772937555.8057303,1324.9337141040564
1772937555.8057432,-1323.4356053063925
1772937555.8057556,-3504.895965090926
1772937555.8057675,-1803.7067291065816
1772937555.8057756,1805.2296867613197
1772937555.8057835,2078.9485825639013
1772937555.8057916,-2077.350328798771
1772937555.805801,-5122.510515541028
1772937555.8058088,-1952.4034453552388
1772937555.805817,4130.387868774321
1772937555.805825,4216.083883067308
1772937555.8058333,-4216.49559907416
1772937555.8058417,-11110.997268633031
1772937555.8058496,-3476.1997078069962
1772937555.8058577,18505.354607369758
1772937555.8058655,38266.35576910016
1772937555.928247,38408.82333368932
1772937555.9282815,18735.076762702076
1772937555.9282968,-3477.7443780892
1772937555.9283054,-11343.415216088466
1772937555.928313,-4359.803075591781
1772937555.9283197,4360.176111768486
1772937555.9283261,4363.7541931910555
1772937555.9283323,-1952.0615552604506
1772937555.9283383,-5356.471540385805
1772937555.9283447,-2222.476274197445
1772937555.928351,2224.786902611551
1772937555.928357,2042.512712003659
1772937555.9283628,-1802.592028523748
1772937555.9283693,-3742.745323847356
1772937555.9283752,-1471.799812166406
1772937555.928381,1473.1469882687434
1772937555.928387,1082.506561790166
1772937555.928393,-1761.07030798699
1772937555.9283988,-2980.7131345842813
1772937555.9284048,-1081.466491487639
1772937555.9284122,1083.4186809055652
1772937555.9284189,547.2481061619093
1772937555.9284248,-1745.0939815479132
1772937555.9284308,-2529.730708105473
1772937555.9284391,-840.6340316819477
1772937555.9284449,836.0481782276157
1772937555.9284506,195.88766029915632
1772937555.9284563,-1737.4001793004334
1772937555.928462,-2221.424010566035
1772937556.472974,-720.4373639966892
1772937556.4730108,136.53628931630018
1772937556.4730375,-314.71409094211776
1772937556.4730637,-1352.4700046462149
1772937556.4730906,-1504.5059119743976
1772937556.473117,-626.4365422207939
1772937556.4731488,-3.8565436534464244
1772937556.473176,-479.37690089585305
1772937556.4732027,-1320.0277244159804
1772937556.47323,-1336.2123822218784
1772937556.4732568,-558.5637629870574
1772937556.4732783,-117.95433525227511
1772937556.4732864,-607.2701389443696
1772937556.4732945,-1289.5720660315812
1772937556.4733028,-1202.1857136536764
1772937556.4733112,-511.5095786573149
1772937556.4733193,-217.50872377790606
1772937556.4733276,-710.5057686051002
1772937556.4733355,-1257.1356064476772
1772937556.4733436,-1086.2789965641782
1772937556.4733536,-473.5627012977973
1772937556.4733624,-303.4260890938938
1772937556.4733706,-795.6893541845884
1772937556.473379,-1225.7010177972293
1772937556.4733872,-988.2693232647786
1772937556.473395,-447.7803690379711
1772937556.4734037,-382.9776608666554
1772937556.4734118,-867.1850626945592
1772937556.47342,-1190.8838998064855
1772937556.4734278,-898.283765951926
1772937556.473436,-427.2979663442827
1772937556.4734457,-456.2715774607463
1772937556.4734545,-928.3795516076897
1772937556.4734633,-1154.1859895653881
1772937556.4734716,-815.6435527582339
1772937556.47348,-412.5701965565706
1772937556.473488,-526.2009539520539
1772937556.473496,-982.2379814344602
1772937556.4735038,-1116.6145594282725
1772937556.4735117,-741.0158159409899
1772937556.4735196,-406.88830182351063
1772937556.473528,-598.3366227404952
1772937556.4735358,-1032.502412961066
1772937556.473544,-1076.7274110134044
1772937556.473552,-668.8191248207795
1772937556.4735599,-404.3149702876177
1772937556.4735677,-668.5580623159389
1772937556.4735756,-1076.0821745372978
1772937556.4735837,-1031.4462679682324
1772937556.4735923,-597.1057739413501
1772937556.4736009,-405.8709602410928
1772937556.4736085,-740.454055988121
1772937556.4736164,-1116.4272025351556
1772937556.4736245,-982.1439890439713
1772937556.473632,-525.9998271516346
1772937556.47364,-412.28824480882594
1772937556.4736476,-815.4342979044039
1772937556.4736557,-1154.1470641907129
1772937556.4736636,-928.4958396395614
1772937556.4736714,-456.493312779315
1772937556.4736793,-427.5953045709865
1772937556.4736876,-898.5965178699026
1772937556.473696,-1191.0755659117428
1772937556.473704,-867.1286455919999
1772937556.4737124,-382.70647770887575
1772937556.4737206,-447.506025207571
1772937556.4737284,-988.2165414924175
1772937556.4737363,-1225.9614436866652
1772937556.473744,-796.2894198299972
1772937556.473752,-304.4944600335299
1772937556.4737606,-475.2794294096511
1772937556.4737685,-1088.5409562215414
1772937556.4737766,-1259.335744803064
1772937556.4737844,-711.8638065094291
1772937556.4737923,-217.8012611743184
1772937556.4738004,-511.4523862046136
1772937556.4738083,-1202.9212329752809
1772937556.4738162,-1291.6506301459506
1772937556.4738247,-610.1622652396342
1772937556.473833,-120.64864832279925
1772937556.4738412,-560.6210787953062
1772937556.4738493,-1338.1054379542359
1772937556.4738572,-1322.3988400153391
1772937556.4738653,-482.1206599645648
1772937556.473873,-6.168927797588171
1772937556.4738808,-627.8206415823614
1772937556.4738889,-1505.5178777559386
1772937556.4738967,-1354.2094425120044
1772937556.4739048,-317.53159822645574
1772937556.4739127,133.64382732792805
1772937556.4739208,-721.89088906495
1772937556.4739292,-1722.0104031111218
1772937556.4739375,-1387.4828884769436
1772937556.4739451,-94.35192434983479
1772937556.4739532,316.5194848144101
1772937556.473961,-856.1249269843751
1772937556.4739687,-2016.9302508962621
1772937556.473977,-1422.9490969791616
1772937556.4739847,227.1301115349558
1772937556.4739928,571.3907154442707
1772937556.4740007,-1066.2313394791522
1772937556.4740086,-2461.1968138953944
1772937556.474017,-1470.085231891885
1772937556.4740248,732.9932608129407
1772937556.4740329,972.287839364745
1772937556.4740407,-1420.7184681885572
1772937556.474049,-3211.9636382288077
1772937556.4740577,-1540.0797313408866
1772937556.474066,1664.3570955547082
1772937556.4740744,1734.5409914818024
1772937556.4740825,-2136.9618662950297
1772937556.47409,-4816.50101458646
1772937556.4740982,-1720.0926354342514
1772937556.4741063,3956.294825021661
1772937556.474114,3882.4138860670073
1772937556.474122,-4235.836537796676
1772937556.47413,-10789.756641475133
1772937556.474138,-3272.7697615082243
1772937556.474146,18300.575051773834
1772937556.4741542,37944.39159130451
1772937556.9342227,1.2896772968566765
1772937556.9342606,0.5320475563532532
1772937556.9342833,-0.07497558686585035
1772937556.9343069,-0.08614079519470147
1772937556.9343264,0.43710085385360997
1772937556.934346,0.9870656846506746
1772937556.9343655,1.0667825421709378
1772937556.9343853,0.6001981187482425
1772937556.9344049,-0.07155856625367313
1772937556.9344249,-0.5388907273209455
1772937556.934434,-0.6355882325099514
1772937556.9344432,-0.4565617133705333
1772937556.934452,-0.18066176858156177
1772937556.934461,0.053890928590238335
1772937556.93447,0.15301248765514697
1772937556.9344785,0.07554708347493218
1772937556.934492,-0.09633545260189931
1772937556.9345026,-0.16041433118808437
1772937556.9345117,0.023748911071205272
1772937556.934523,0.33713477474691866
1772937556.9345376,0.4707375100598663
1772937556.9345512,0.2675225209200657
1772937556.934566,-0.03532932789940037
1772937556.9345806,0.001931961216802847
1772937556.9345925,0.5498055708755083
1772937556.934601,1.279387124568988
1772937556.9346097,1.659625548541319
1772937556.9346185,1.4714110589229958
1772937556.9346275,0.979975686306654
1772937556.934637,0.6060045311136821
1772937556.934646,0.49559718442794837
1772937556.9346545,0.44980248915184334
1772937556.9346633,0.21337537884594004
1772937556.9346716,-0.262889196804602
1772937556.9346805,-0.8477413845606881
1772937556.934689,-1.4116400225747396
1772937556.9346976,-1.9000193119771807
1772937556.9347062,-2.264612334351832
1772937556.934716,-2.4315905584841913
1772937556.9347243,-2.384605425986809
1772937556.9347332,-2.2237220362649355
1772937556.9347415,-2.079579345603418
1772937556.9347503,-1.9883135424806262
1772937556.934759,-1.9091379018752652
1772937556.9347677,-1.8557013719109887
1772937556.9347773,-1.925044476566292
1772937556.934786,-2.1490512785794538
1772937556.934795,-2.381329709932829
1772937556.9348035,-2.4271720558611065
1772937556.934812,-2.2810379958545095
1772937556.934821,-2.133217135938594
1772937556.9348292,-2.0893460297355864
1772937556.934838,-1.9751925589440158
1772937556.9348466,-1.5515857166800273
1772937556.9348552,-0.9158387877534908
1772937556.934864,-0.5271569577847526
1772937556.9348724,-0.6990844706389387
1772937556.9348814,-1.1185783883625429
1772937556.9348903,-1.0411329394009325
1772937556.9348989,-0.055170254098566546
1772937556.9349074,1.4131655604894435
1772937556.9349165,2.4490176711622977
1772937556.9349248,2.4858214171925495
1772937556.9349334,1.7280420291548313
1772937556.934942,0.7830703770663211
1772937556.9349504,0.03860146660225473
1772937556.934959,-0.4984017844051214
1772937556.9349675,-0.8814215110257126
1772937556.934976,-1.007070934600091
1772937556.9349847,-0.8236897004953686
1772937556.9349933,-0.5914753876792026
1772937556.9350016,-0.6971833178736145
1772937556.93501,-1.1716620075434396
1772937556.9350183,-1.566996845057564
1772937556.9350276,-1.4548850239942803
1772937556.9350367,-0.9712299293785878
1772937556.9350452,-0.6848892362621487
1772937556.9350543,-0.892230476807885
1772937556.935063,-1.2125623876379685
1772937556.9350717,-1.0434858497615949
1772937556.9350803,-0.35964099193684274
1772937556.9350889,0.1482320761183488
1772937556.9350977,-0.16891424006343142
1772937556.9351063,-1.1365002905576371
1772937556.9351149,-1.8973791758049772
1772937556.9351232,-1.8389556733834123
1772937556.9351363,-1.234301659023698
1772937556.9351509,-0.8699876118834912
1772937556.935165,-1.1302402759129202
1772937556.9351788,-1.6144462203235186
1772937556.9351878,-1.6889289610302065
1772937556.9351964,-1.2674293524103815
1772937556.935205,-0.8931165078638054
1772937556.9352136,-1.0617438334712501
1772937556.9352224,-1.6074254394283611
1772937556.9352307,-1.8573334863605884
1772937556.9352393,-1.35591122316441
1772937556.9352481,-0.3427379535549376
1772937556.9352567,0.5059367729308497
1772937556.9352655,0.7433312948584468
1772937556.9352744,0.5133832459371555
1772937556.935283,0.2920944869755576
1772937556.9352915,0.3574877794277512
1772937556.9353013,0.5554161485792192
1772937556.9353104,0.5493528622945788
1772937556.935322,0.22945021371046856
1772937556.9353356,-0.16461827767078574
1772937556.9353497,-0.3095782226598318
1772937556.9353583,-0.1386810239785692
1772937556.935367,0.11950272514231654
1772937556.9353757,0.23382012105152883
1772937556.9353843,0.24769584050988197
1772937556.9353929,0.40533059086954415
1772937556.9354024,0.8023056882508467
1772937557.4073312,38354.82801433328
1772937557.4073768,19725.749233668706
1772937557.4074032,-1759.682637956824
1772937557.4074297,-10236.817878678248
1772937557.4074564,-4342.589479078119
1772937557.407483,4341.316812831226
1772937557.4075096,5411.555724294263
1772937557.4075365,-235.4809109466557
1772937557.407563,-4309.832227110109
1772937557.4075897,-2242.999821267837
1772937557.4076161,2240.589668577671
1772937557.4076426,3148.222047923259
1772937557.4076507,-85.18181828753552
1772937557.4076593,-2752.9104625712744
1772937557.4076672,-1526.972116148448
1772937557.4076753,1525.9516995631345
1772937557.4076831,2246.99840329015
1772937557.4076912,-44.065928430219266
1772937557.4077013,-2050.672400209509
1772937557.4077103,-1174.2427138529802
1772937557.4077184,1172.3144369408044
1772937557.4077263,1772.2153550579144
1772937557.4077349,-25.071406199248393
1772937557.4077432,-1655.0798939996837
1772937557.4077513,-965.6994799219016
1772937557.4077616,966.3333360033818
1772937557.40777,1483.6649705948216
1772937557.4077778,-18.02519946691563
1772937557.407786,-1411.4716491215477
1772937557.4077945,-835.4088973146845
1772937557.4078033,832.5076536166303
1772937557.407812,1295.1910589702568
1772937557.4078202,-12.439925383360054
1772937557.4078286,-1247.178191114776
1772937557.407837,-745.6305139722471
1772937557.4078453,743.2479513589566
1772937557.4078531,1166.5284509170306
1772937557.4078612,-10.372933064543314
1772937557.407869,-1136.5967974172822
1772937557.4078772,-685.6115441292657
1772937557.4078853,680.881126702242
1772937557.4078934,1078.0306282416368
1772937557.4079013,-7.9231170508533255
1772937557.4079092,-1059.3238704609187
1772937557.4079173,-643.5436213047724
1772937557.4079251,639.0254054735539
1772937557.4079332,1018.9237506969608
1772937557.4079423,-5.111064032890834
1772937557.407951,-1007.0178944136761
1772937557.4079592,-615.9344651096128
1772937557.407967,611.0765461216271
1772937557.4079752,980.4737045487464
1772937557.4079833,-3.604595510493964
1772937557.4079912,-974.7708529901458
1772937557.407999,-598.2507343311836
1772937557.408007,597.7965825061528
1772937557.4080148,962.4341396260206
1772937557.4080229,-2.0102613634468582
1772937557.4080305,-961.6020969945392
1772937557.4080389,-593.295584370289
1772937557.4080472,593.4629659870575
1772937557.408055,960.7997108479561
1772937557.4080627,0.23757289021097677
1772937557.4080708,-964.2959136816501
1772937557.4080794,-598.9943582741216
1772937557.4080875,597.5387629804629
1772937557.408096,973.661611775968
1772937557.408104,1.429099462059472
1772937557.4081123,-983.5497625972533
1772937557.4081204,-614.2504222862432
1772937557.4081285,613.4463320924567
1772937557.4081364,1005.5070286214892
1772937557.4081447,4.323798675533597
1772937557.4081528,-1019.584232818207
1772937557.4081607,-640.1900855057423
1772937557.4081688,641.5941742871539
1772937557.4081774,1056.9382485671094
1772937557.4081855,5.905720537379992
1772937557.4081936,-1079.0881178102047
1772937557.4082015,-681.1971961560923
1772937557.4082093,685.1721682623347
1772937557.4082177,1135.41125271984
1772937557.4082255,8.785738031094022
1772937557.408234,-1167.4519870071979
1772937557.4082415,-742.7255228847177
1772937557.40825,747.3732140118306
1772937557.408258,1249.1583333389829
1772937557.408266,13.764243823251574
1772937557.408274,-1294.8019995487678
1772937557.4082825,-832.8853907084041
1772937557.4082906,834.4956324207069
1772937557.4082985,1410.2583945432402
1772937557.4083066,16.91872636666889
1772937557.4083145,-1484.1801278017294
1772937557.4083226,-966.1175769132678
1772937557.4083304,966.2127758150197
1772937557.4083383,1655.2463685969233
1772937557.4083462,24.63836171366938
1772937557.408354,-1772.9741993432742
1772937557.408362,-1173.076262394938
1772937557.40837,1173.402242513963
1772937557.4083781,2049.464671689811
1772937557.4083862,42.56174067026333
1772937557.4083948,-2248.215096724137
1772937557.4084027,-1526.3598852416392
1772937557.4084113,1527.1627830474172
1772937557.4084196,2752.8284186164988
1772937557.4084277,84.08718694313033
1772937557.408435,-3150.2716768864384
1772937557.4084432,-2242.8757507423134
1772937557.4084513,2241.180484679949
1772937557.4084594,4308.746301236964
1772937557.4084678,235.1353879212544
1772937557.408476,-5411.0635392548365
1772937557.408484,-4339.81087965004
1772937557.4084923,4345.0419061108105
1772937557.4085004,10239.76499312693
1772937557.4085088,1762.5620059670644
1772937557.4085171,-19723.22862298724
1772937557.4085252,-38352.600278990176
1772937557.8881176,37.58366627632702
1772937557.8881612,58.671131472645094
1772937557.888188,1.321664104869774
1772937557.8882148,-55.83994660214434
1772937557.8882413,-34.10027863037025
1772937557.8882682,36.66756035043988
1772937557.8882952,58.99197252745394
1772937557.888322,2.2065038038229297
1772937557.8883488,-55.08307519193817
1772937557.8883748,-33.40445288901235
1772937557.8884,37.600724047783224
1772937557.8884265,59.714104215264406
1772937557.8884351,1.8683719259670142
1772937557.8884437,-56.2983231680186
1772937557.8884568,-34.058950732216644
1772937557.8884664,38.318163279639734
1772937557.8884747,60.431323252804
1772937557.8884828,0.4306484344458149
1772937557.888491,-59.80747268317384
1772937557.8884988,-36.820601648684125
1772937557.8885071,38.58898637903692
1772937557.8885152,62.45569136965681
1772937557.8885233,0.7862601267060934
1772937557.8885317,-62.39529655333814
1772937557.8885396,-39.994304067548214
1772937557.888548,37.44051288067919
1772937557.8885567,62.64480491167943
1772937557.8885655,-0.31728579292317616
1772937557.8885734,-64.96583418826971
1772937557.8885813,-40.82687006675308
1772937557.888591,40.53072402206949
1772937557.8885992,67.12559085932583
1772937557.8886073,1.0153584278706234
1772937557.8886151,-67.36788720931662
1772937557.888623,-42.70495639626276
1772937557.8886309,42.350075127060876
1772937557.8886385,70.03234927795044
1772937557.8886464,0.17655361218525015
1772937557.8886545,-71.62743736076847
1772937557.8886623,-44.27709425763284
1772937557.8886707,47.410419700148665
1772937557.8886788,77.56842929279654
1772937557.8886871,2.8719589902556693
1772937557.8886964,-74.36801625993516
1772937557.8887053,-45.20466238181256
1772937557.8887131,53.329808508243445
1772937557.8887212,85.38114043791259
1772937557.888729,3.6341092461431264
1772937557.8887367,-81.08043358163499
1772937557.8887448,-49.63554153543717
1772937557.8887532,58.45056906899526
1772937557.8887613,94.5397921485251
1772937557.8887694,5.400605188440034
1772937557.8887775,-88.43155600488855
1772937557.8887854,-55.30348281481932
1772937557.888794,62.86931557162029
1772937557.8888023,102.49779660469774
1772937557.8888104,3.5738624984908176
1772937557.8888185,-101.24753016184815
1772937557.8888261,-65.0176630126721
1772937557.8888345,66.95814013701653
1772937557.888842,112.1143683229596
1772937557.88885,1.87192816364385
1772937557.888858,-115.8405316721648
1772937557.888866,-74.83333559658419
1772937557.888874,75.08942316683516
1772937557.888882,127.08023505070888
1772937557.88889,1.7561354996573355
1772937557.888898,-132.94042915349104
1772937557.8889055,-85.60981391090294
1772937557.888914,88.18903529592674
1772937557.8889594,149.59439556538504
1772937557.8889678,4.379575151590063
1772937557.888976,-153.70859288847328
1772937557.888984,-99.75307709941805
1772937557.888992,103.92001925531837
1772937557.8889997,176.5435300571038
1772937557.8890076,4.106852428055407
1772937557.8890157,-185.20237566160895
1772937557.8890233,-121.17766817573737
1772937557.8890312,124.73108521839555
1772937557.8890393,213.89152397026555
1772937557.8890471,3.833538584876156
1772937557.889055,-230.17831807413825
1772937557.8890631,-153.53802963025652
1772937557.8890717,151.83076299701995
1772937557.8890796,266.3264324086506
1772937557.8890877,5.026950702852258
1772937557.8890955,-291.84329713067564
1772937557.8891034,-196.74916046557829
1772937557.8891115,195.08023209026024
1772937557.8891196,345.7264150811827
1772937557.8891275,5.450287989035557
1772937557.8891351,-389.0910311057162
1772937557.889143,-266.2455748022726
1772937557.8891509,262.8770141039557
1772937557.8891587,475.24719096164813
1772937557.8891664,10.740643341803366
1772937557.8891745,-545.6149252638535
1772937557.889182,-381.5664322933342
1772937557.8891902,379.09661208971835
1772937557.8891985,703.8392930959035
1772937557.889207,25.404543562424166
1772937557.8892148,-828.0509341750499
1772937557.8892224,-599.9191513074051
1772937557.8892305,598.570596408814
1772937557.8892384,1158.6102899473426
1772937557.8892467,59.02527902192851
1772937557.8892548,-1438.086214467122
1772937557.8892627,-1106.8767288757047
1772937557.889271,1104.5412349158253
1772937557.889279,2317.263598912254
1772937557.8892868,189.66084291295385
1772937557.8892949,-3225.1851594463224
1772937557.8893032,-2853.0691391977552
1772937557.889311,2849.988788079637
1772937557.889319,7539.415380726367
1772937557.889327,1671.1431784160195
1772937557.889335,-16638.001414441682
1772937557.8893428,-36150.49771486607
1772937558.3538196,-2.2763751172300384
1772937558.3538656,-633.2646373330828
1772937558.353892,-1457.3337615952287
1772937558.3539193,-1314.7084579495317
1772937558.353946,-402.5976688312983
1772937558.353973,-2.7462451901167197
1772937558.3539996,-680.8156955827795
1772937558.354026,-1486.204109732593
1772937558.3540528,-1283.7839221020322
1772937558.3540795,-352.5904207342857
1772937558.354112,-0.8547971895426346
1772937558.3541276,-728.3389516224674
1772937558.3541396,-1516.53793983542
1772937558.35416,-1254.2945726779374
1772937558.3541684,-303.8943845421169
1772937558.3541772,-1.004281994478777
1772937558.3541858,-778.2459922099756
1772937558.354194,-1547.6921118519447
1772937558.3542025,-1223.1991764102588
1772937558.3542104,-253.1191691912185
1772937558.3542185,-1.1910436831656557
1772937558.3542264,-829.8052501266285
1772937558.354236,-1578.5685705023889
1772937558.354247,-1187.840244038535
1772937558.3542552,-196.82076811284998
1772937558.3542633,0.6220322911633345
1772937558.3542717,-884.0912608689791
1772937558.3542795,-1613.3592463487946
1772937558.3542876,-1154.2408681255363
1772937558.3542955,-141.24479630543797
1772937558.3543034,-0.3851547429891772
1772937558.3543117,-942.7525502727856
1772937558.3543196,-1649.4774194854326
1772937558.3543277,-1116.6293914304583
1772937558.3543355,-80.81024950777302
1772937558.354344,-2.379938144348509
1772937558.354352,-1008.5550123380899
1772937558.35436,-1691.707734909498
1772937558.354368,-1078.0414146572812
1772937558.3543773,-14.698300881141622
1772937558.354386,-1.0238249558342603
1772937558.354394,-1075.2017759424873
1772937558.354402,-1733.5649619174335
1772937558.35441,-1033.9298001524614
1772937558.354418,57.375608799595504
1772937558.3544261,-1.1041720268680346
1772937558.354434,-1150.168276303773
1772937558.354442,-1780.7476827392843
1772937558.3544497,-985.3558204056721
1772937558.3544576,137.82751556543994
1772937558.3544655,-0.14126652670636577
1772937558.354474,-1232.7060268297193
1772937558.3544824,-1833.1995749930813
1772937558.3544905,-931.7611064101584
1772937558.3544981,226.5846876961371
1772937558.354506,-0.7241443699606587
1772937558.354514,-1326.9535936767595
1772937558.3545218,-1892.6771237099083
1772937558.3545296,-870.1510243440484
1772937558.3545375,328.7136282088311
1772937558.3545454,-0.6646212148606477
1772937558.3545532,-1434.739540549144
1772937558.354561,-1961.031456743641
1772937558.3545697,-798.9915596609264
1772937558.3545778,446.7022764493097
1772937558.354586,-1.892371269473806
1772937558.354594,-1562.8966473408068
1772937558.3546019,-2043.6660733953918
1772937558.3546102,-716.7086314920001
1772937558.3546183,586.5238390823584
1772937558.3546264,-1.1671233339546352
1772937558.3546343,-1712.166960001757
1772937558.3546424,-2138.2131942307437
1772937558.3546505,-612.9925080159775
1772937558.3546581,759.3015873516246
1772937558.3546662,0.9029736049676909
1772937558.354674,-1896.2464462859148
1772937558.354682,-2257.567125629627
1772937558.35469,-487.70381307329893
1772937558.3546977,971.9422420494875
1772937558.354706,1.1747997063693105
1772937558.3547144,-2130.6786683141836
1772937558.3547223,-2410.2731252390695
1772937558.35473,-326.5504302487015
1772937558.354738,1247.6832809679624
1772937558.354746,1.4182886989243735
1772937558.354754,-2440.140314614558
1772937558.354762,-2613.5810822706267
1772937558.35477,-109.50324380234466
1772937558.3547783,1622.0658225893628
1772937558.354786,-0.7619540628140915
1772937558.354794,-2875.0468130257213
1772937558.354802,-2903.495970917833
1772937558.35481,201.24714436719054
1772937558.3548176,2169.29343645911
1772937558.3548257,0.1532809577843646
1772937558.3548336,-3525.678660412739
1772937558.3548422,-3344.944062502349
1772937558.3548503,691.7170246577388
1772937558.3548582,3049.950127585641
1772937558.354866,1.900179889207394
1772937558.354874,-4630.35816809425
1772937558.3548815,-4119.694740771752
1772937558.35489,1581.0397136313557
1772937558.3548977,4714.670845825526
1772937558.354906,2.822217621752783
1772937558.354914,-6947.665634957522
1772937558.3549216,-5853.288969817084
1772937558.3549297,3724.3494712605934
1772937558.354938,9124.359360697857
1772937558.354946,0.9634289480061534
1772937558.354954,-15023.548470614465
1772937558.354962,-13333.94012711476
1772937558.3549697,16543.9874983475
1772937558.3549776,57498.91824643163
1772937558.4019768,76675.4855981263
1772937558.478302,21602.53045033466
1772937558.4783313,-1715.0425296475162
1772937558.4783413,-12309.862607478079
1772937558.4783504,-5760.874379645571
1772937558.4783592,5762.628618899777
1772937558.478368,7993.3959937710715
1772937558.4783766,-148.67613014515857
1772937558.4783852,-7284.074265549886
1772937558.4783933,-4375.350903527559
1772937558.478402,4378.767898530493
1772937558.4784124,7286.7162387519775
1772937558.478426,150.44663294590103
1772937558.478434,-7992.027911988751
1772937558.4784422,-5761.301973280954
1772937558.4784503,5762.092755629275
1772937558.4784584,12310.88092327393
1772937558.4784665,1716.2316332134317
1772937558.4784744,-21600.507825546345
1772937558.4784827,-39417.7967825208
1772937558.5275204,-37252.64970392835
1772937558.5275457,-18071.923222782687
1772937558.5275583,1733.8151797376975
1772937558.527605,8701.681749870822
1772937558.527618,3452.509290918302
1772937558.5276296,-3448.9777719576387
1772937558.5276413,-4049.5247929682173
1772937558.5276525,218.51583325104903
1772937558.5276632,3024.766645791375
1772937558.5276744,1487.9174894908024
1772937558.7885287,36921.741385108784
1772937558.7886062,16883.47497702447
1772937558.7886343,-2247.0804379100996
1772937558.7886684,-8050.53948169256
1772937558.7886968,-2579.585876131914
1772937558.7887113,3451.669958898732
1772937558.78872,3267.7002541126544
1772937558.7887287,-720.3615598920683
1772937558.7887375,-2608.8551875053467
1772937558.7887464,-746.5223422159622
1772937558.7887597,1549.9129416498577
1772937558.788771,1307.4203217986444
1772937558.7887795,-540.2528293039526
1772937558.7887883,-1252.4801402317878
1772937558.7887976,-171.4550613711474
1772937558.7888064,890.7675313435323
1772937558.7888153,539.686949621042
1772937558.788824,-449.08067666979747
1772937558.788833,-605.5329562624735
1772937558.7888415,106.70340885108197
1772937558.7888503,516.0333404485909
1772937558.7888591,105.41905048797
1772937558.788868,-366.41839068688046
1772937558.788877,-181.3930930195665
1772937558.7888856,269.88041537978324
1772937558.788895,225.07388489851834
1772937558.7889032,-209.1863398341298
1772937558.788912,-276.2661379916936
1772937558.7889204,165.00327154637594
1772937558.7889292,381.2455945016691
1772937558.7889376,-47.20550334326359
1772937558.7889464,-476.93853769116436
1772937558.7889547,-161.19196346656815
1772937558.7889636,503.50881796541273
1772937558.7889724,464.27044886992246
1772937558.7889812,-349.10869112609686
1772937558.7889993,-747.310937051077
1772937558.789008,-5.9923171065221545
1772937558.7890167,888.6700110908847
1772937558.7890267,532.8195020969347
1772937558.7890368,-732.3065994393849
1772937558.789045,-1068.0179483359811
1772937558.789054,219.1109100185231
1772937558.7890627,1396.200023306675
1772937558.789072,597.6723088648298
1772937558.7890809,-1288.8109241010366
1772937558.7890892,-1515.5673128742148
1772937558.7890975,592.4048887461436
1772937558.7891064,2199.8423123795865
1772937558.7891152,680.5559329473302
1772937558.7891235,-2260.6328007690627
1772937558.7891328,-2311.700496374648
1772937558.789142,1326.9029083494852
1772937558.7891505,3844.9791528562073
1772937558.789159,864.8942753875092
1772937558.7891676,-4589.385372651
1772937558.7891765,-4485.3485709852475
1772937558.7891853,3445.2788661055247
1772937558.7891936,9853.95244729642
1772937558.7892025,2421.483946001556
1772937558.7892108,-18961.438760274596
1772937558.7892194,-38562.51265605709
1772937558.9923282,-476.79585750741654
1772937558.992372,-1200.0062598185548
1772937558.9924004,-1345.0684569394496
1772937558.9924283,-693.3573422572873
1772937558.992454,-119.56148081552051
1772937558.9924674,-422.030257428612
1772937558.9924812,-1215.523390367787
1772937558.992492,-1417.8524862689767
1772937558.9925015,-722.2578660830338
1772937558.99251,-57.95969216885441
1772937558.9925191,-353.9373910132102
1772937558.9925282,-1243.69124724866
1772937558.9925373,-1511.3573672990542
1772937558.9925456,-747.5398593454412
1772937558.9925547,32.36584994405089
1772937558.9925635,-268.99385565242306
1772937558.9925728,-1293.2394967289674
1772937558.9925814,-1639.8164622268011
1772937558.992591,-773.3734269680818
1772937558.9926004,161.75343232774944
1772937558.9926093,-157.0175892111545
1772937558.992618,-1369.2279866579884
1772937558.9926271,-1816.1551032769241
1772937558.992636,-797.6976814952495
1772937558.9926448,352.44913780697505
1772937558.9926536,-2.2400170439577196
1772937558.992662,-1488.7007994401877
1772937558.9926708,-2074.8795587648683
1772937558.9926796,-827.0149475967959
1772937558.9926884,639.3260558302417
1772937558.992697,222.18166864809243
1772937558.9927056,-1685.6515561415702
1772937558.9927142,-2481.70147815188
1772937558.992723,-863.5327241070984
1772937558.9927313,1115.8590261680206
1772937558.992741,595.7411264589896
1772937558.99275,-2026.964398895646
1772937558.9927588,-3197.0579974696207
1772937558.9927673,-925.8894124539006
1772937558.992776,2014.399220248984
1772937558.9927845,1327.501448044496
1772937558.992793,-2731.0449635961522
1772937558.992802,-4763.869811197817
1772937558.9928107,-1093.8933454079495
1772937558.9928195,4276.838284792099
1772937558.9928284,3444.89594790978
1772937558.9928372,-4820.85492911765
1772937558.9928463,-10703.923344631263
1772937558.9928553,-2639.003227331835
1772937558.9928637,18588.515623759366
1772937559.0084398,37476.43416490983
1772937559.483642,-88.29732584922388
1772937559.4836912,821.140851054855
1772937559.4837136,571.2498801579518
1772937559.4837372,-484.637829177179
1772937559.4837606,-861.6000970837201
1772937559.48378,-30.67905926078366
1772937559.4837997,839.1399858485519
1772937559.4838195,524.8932819663177
1772937559.4838428,-531.7046609776546
1772937559.4838622,-845.3402221718092
1772937559.4838734,25.284039280811324
1772937559.4838872,856.7144439485936
1772937559.4839008,479.7663406876792
1772937559.4839194,-576.433893973463
1772937559.48393,-826.6361607462808
1772937559.4839392,82.72158207729156
1772937559.483948,874.0224041106862
1772937559.4839566,432.8061114344628
1772937559.4839654,-623.225523714946
1772937559.483974,-808.7069589091146
1772937559.4839828,140.93862810403678
1772937559.4839914,892.5789779921769
1772937559.4840004,386.6249957805021
1772937559.484009,-669.3953305493571
1772937559.4840176,-789.6543745577554
1772937559.4840271,200.17175533215632
1772937559.4840364,910.4493996747262
1772937559.4840453,337.66364198021824
1772937559.4840539,-718.585798557179
1772937559.4840624,-771.7556948054782
1772937559.484071,259.8527133516116
1772937559.4840796,928.2145621275382
1772937559.4840882,287.2544172581496
1772937559.4840968,-768.4332288339851
1772937559.4841053,-751.3218427441531
1772937559.484114,324.4288097622968
1772937559.4841225,949.7777851571925
1772937559.484136,237.6575541929903
1772937559.4841497,-818.7185693433864
1772937559.4841626,-730.2834676402797
1772937559.4841714,389.68301964938746
1772937559.48418,969.1554202025166
1772937559.4841895,183.16557158497955
1772937559.4841986,-871.9649251785982
1772937559.4842074,-706.4863725691088
1772937559.4842167,460.85033795111667
1772937559.4842253,991.0154656560826
1772937559.4842339,125.1714703653708
1772937559.4842432,-929.886942121817
1772937559.484252,-682.627628827441
1772937559.4842603,535.9916774126054
1772937559.484269,1014.4489923749135
1772937559.4842775,63.39462237931014
1772937559.484286,-992.3237952704661
1772937559.484295,-658.4133590163938
1772937559.484304,614.56891162144
1772937559.4843128,1037.3023425111733
1772937559.484321,-5.013752056981263
1772937559.4843297,-1060.377024923712
1772937559.4843383,-631.662290556549
1772937559.484347,700.7544402139964
1772937559.4843557,1062.9315952385175
1772937559.4843643,-78.59161876847101
1772937559.4843726,-1132.8133322910758
1772937559.4843812,-599.7473853376149
1772937559.4843898,797.1524847696389
1772937559.4843986,1090.59308882793
1772937559.4844072,-162.3383470215503
1772937559.4844155,-1215.3915099515993
1772937559.484424,-564.6243422990949
1772937559.4844327,906.4443214651883
1772937559.484442,1124.4058090030942
1772937559.484454,-253.6327827481687
1772937559.4844677,-1306.7287475082478
1772937559.484481,-524.940729097582
1772937559.484494,1028.5306855755227
1772937559.4845076,1159.9719260162265
1772937559.484521,-360.3738951340257
1772937559.4845293,-1412.4744920322764
1772937559.4845376,-479.40659507595063
1772937559.4845464,1168.9401879099962
1772937559.484555,1199.5273910085727
1772937559.484568,-486.4369895350704
1772937559.4845827,-1536.51441259495
1772937559.4845967,-424.6736899121063
1772937559.4846056,1336.3616908261852
1772937559.484614,1247.5852257995011
1772937559.4846225,-636.1154651010779
1772937559.4846315,-1684.944190114399
1772937559.48464,-359.47323980399386
1772937559.4846487,1537.1083099596678
1772937559.4846573,1303.8587765157035
1772937559.4846656,-819.979186924305
1772937559.484674,-1865.7884400422317
1772937559.4846828,-275.2974840012647
1772937559.4846911,1790.3162167094256
1772937559.4846995,1376.3234744248703
1772937559.484708,-1050.4413178026416
1772937559.4847164,-2093.2309760399507
1772937559.4847252,-165.1599617591576
1772937559.4847345,2116.6807969169377
1772937559.4847434,1466.2635950632487
1772937559.484752,-1358.2853213971873
1772937559.4847605,-2395.992560605852
1772937559.484769,-14.27656027104694
1772937559.4847775,2561.4907006485623
1772937559.484786,1587.468584230404
1772937559.4847949,-1789.4894843087247
1772937559.4848037,-2821.0347603666123
1772937559.484812,207.2935984806355
1772937559.4848204,3209.2863961252783
1772937559.4848292,1758.5290372077006
1772937559.4848382,-2448.895955365051
1772937559.4848473,-3472.1102129827955
1772937559.484856,571.7286344909501
1772937559.4848645,4264.208946693758
1772937559.4848728,2027.4446735835309
1772937559.4848816,-3607.001536238709
1772937559.4848902,-4632.761875542156
1772937559.4848988,1284.4924518169519
1772937559.5284455,6352.335149417619
1772937559.5284708,2546.1719833341026
1772937559.5284808,-6274.190349494755
1772937559.5284894,-7485.316428687929
1772937559.528498,3360.849103568876
1772937559.5285068,13239.519867130719
1772937559.528519,4803.106602330534
1772937559.5285273,-21351.69736688653
1772937559.5285351,-43101.818747202684
1772937559.6489813,-39044.81012983131
1772937559.6490164,-20901.270785283235
1772937559.649027,1739.8630081354456
1772937559.6490364,11483.086522460528
1772937559.6490457,5162.6597507691995
1772937559.6490543,-5163.174848028963
1772937559.6490636,-6834.83273939013
1772937559.6490724,207.43421448962735
1772937559.649082,5846.068125811757
1772937559.6490924,3268.8876196441706
1772937559.6491072,-3273.6786025951924
1772937559.6491208,-4968.669700448274
1772937559.6491368,40.47690404736272
1772937559.6491475,4768.435443121866
1772937559.6491563,2909.5478299145875
1772937559.6491652,-2911.4513488168736
1772937559.6491745,-4770.996735034474
1772937559.6491833,-43.76915319064153
1772937559.649192,4965.182417388249
1772937559.649201,3270.6334906578863
1772937559.6492095,-3271.2412891260246
1772937559.6492183,-5847.888033539764
1772937559.649228,-208.94657793214867
1772937559.6492364,6833.548447891441
1772937559.6492453,5162.022511455289
1772937559.6492572,-5164.0700762198085
1772937559.649266,-11485.368578502357
1772937559.6492748,-1743.3408282166326
1772937559.6492834,20897.082062972808
1772937559.6492937,39041.16817399884
1772937560.1330552,37635.958362148776
1772937560.133086,18616.460817292453
1772937560.1331055,-1747.16135632423
1772937560.1331265,-9178.67792093866
1772937560.133154,-3715.45302032753
1772937560.1331763,3715.436006482991
1772937560.1331992,4437.405901487606
1772937560.1332192,-226.49460765661578
1772937560.1332293,-3372.6003792522392
1772937560.133244,-1683.3693357199484
1772937560.1332583,1681.3243023556793
1772937560.133273,2271.592176524789
1772937560.1332836,-79.07790281948951
1772937560.133293,-1904.4085833844895
1772937560.1333015,-1017.3276036084471
1772937560.1333108,1015.3518395644378
1772937560.1333234,1442.508460638566
1772937560.1333373,-38.96602626335077
1772937560.1333544,-1265.7445984481549
1772937560.1333635,-698.9686983868838
1772937560.1333723,700.0860586069152
1772937560.133381,1021.9939767732844
1772937560.1333897,-22.074309392032912
1772937560.1333988,-920.2810839711502
1772937560.133407,-519.1351788502517
1772937560.1334162,520.6968797010654
1772937560.1334252,774.546219608448
1772937560.1334338,-12.484475297551107
1772937560.1334443,-707.8365576865389
1772937560.1334536,-405.39199834342253
1772937560.1334624,407.35767769312486
1772937560.1334713,613.7541992052408
1772937560.1334825,-8.379451940544772
1772937560.1334913,-568.62038156249
1772937560.1335,-329.5200995806332
1772937560.1335087,330.5074887295079
1772937560.133518,503.3441987495334
1772937560.1335263,-5.7228886135996255
1772937560.1335351,-470.95847324891344
1772937560.1335487,-275.1196181014606
1772937560.1335635,276.64391101513405
1772937560.133577,424.27712871809865
1772937560.1335907,-4.3809398241463935
1772937560.1335995,-400.5215096945069
1772937560.13361,-235.33173492531992
1772937560.1336186,237.45360094474304
1772937560.1336272,366.1775765090436
1772937560.1336355,-3.4670536459183787
1772937560.1336443,-348.6991182144098
1772937560.1336527,-207.05707348439097
1772937560.1336615,205.86611961845682
1772937560.1336715,320.52650072200413
1772937560.1336803,-3.195639682831126
1772937560.133689,-308.12650982659403
1772937560.1336975,-183.52533146535418
1772937560.133706,183.4591404985958
1772937560.133715,286.73624724214386
1772937560.1337247,-1.974417162783575
1772937560.1337352,-275.868332734477
1772937560.133744,-164.7332801906513
1772937560.1337523,165.9096406719015
1772937560.1337612,259.51250879449583
1772937560.1337695,-2.4438563389363046
1772937560.1337783,-252.2038838075686
1772937560.133787,-151.34580515028142
1772937560.1337993,151.36538139276178
1772937560.1338131,238.06814026851754
1772937560.1338277,-2.375748623594438
1772937560.1338365,-233.1950293820391
1772937560.1338456,-140.87566984115028
1772937560.1338549,139.5854411841063
1772937560.1338632,221.26232668311522
1772937560.133872,-1.4557246170312574
1772937560.1338809,-217.05826417013608
1772937560.1338897,-132.125810941968
1772937560.1338983,129.67293589968548
1772937560.133907,206.69394420470786
1772937560.1339157,-1.938341543373077
1772937560.133924,-204.99687337507262
1772937560.1339328,-125.40149377299839
1772937560.133942,122.05171646156693
1772937560.1339505,195.90134954370495
1772937560.1339593,-0.9178902667485318
1772937560.133968,-193.43951818467013
1772937560.1339765,-117.86367578990158
1772937560.1339853,117.7223620449914
1772937560.1339946,187.7287194722219
1772937560.1340036,-1.5435257948272247
1772937560.1340122,-187.13353930365358
1772937560.1340208,-114.85722959579569
1772937560.1340296,112.64983933075652
1772937560.1340384,181.51102584690486
1772937560.1340468,-0.43237631818365846
1772937560.1340556,-180.19644614544686
1772937560.1340685,-110.93589890487794
1772937560.1340823,109.37092944085238
1772937560.1340957,176.14642839622357
1772937560.134107,-1.4086428955696175
1772937560.1341212,-177.5316495316201
1772937560.134135,-110.46146417495562
1772937560.1341436,105.3969861765448
1772937560.1341524,171.9140930482459
1772937560.134161,-1.2558428129832029
1772937560.1341696,-173.7453413933078
1772937560.134182,-107.35252557105315
1772937560.134196,105.83334841611888
1772937560.1342099,171.68531176854495
1772937560.1342232,0.17412311678149855
1772937560.1342318,-171.03406510569621
1772937560.1342404,-105.10382840703043
1772937560.1342487,107.07063383589534
1772937560.1342576,172.40554712448758
1772937560.134266,0.2525295336838754
1772937560.1342747,-172.11967145941173
1772937560.1342833,-106.62798840634176
1772937560.1342928,106.79549128335901
1772937560.1343021,173.65968613898383
1772937560.1343107,1.2869955608134624
1772937560.1343195,-172.46030832480454
1772937560.1343284,-107.02794291321933
1772937560.2834623,108.45511231405288
1772937560.2835083,176.58728475274145
1772937560.2835367,1.72769960398681
1772937560.2835462,-175.472134676951
1772937560.2835553,-109.35155392873473
1772937560.2835648,110.2352509329468
1772937560.2835743,179.566680982193
1772937560.283586,0.45483938285794284
1772937560.283597,-181.23246169185546
1772937560.2836063,-113.09132586918632
1772937560.283615,113.18941507948888
1772937560.2836237,184.70904915962694
1772937560.2836325,-0.6835487733882183
1772937560.2836416,-189.11766907942436
1772937560.2836533,-118.19612445851556
1772937560.2836668,118.13209061863203
1772937560.2836812,194.29363674401026
1772937560.283691,2.1562263565367723
1772937560.2836995,-194.5575187691031
1772937560.2837083,-120.66831393006561
1772937560.283717,127.2190979900586
1772937560.2837255,207.76807228257368
1772937560.2837343,5.589024569059722
1772937560.2837431,-203.03441967147867
1772937560.283754,-126.9181463112603
1772937560.2837636,133.95658233830704
1772937560.2837725,218.79271639674158
1772937560.2837813,3.6871633295593784
1772937560.28379,-218.9967778725624
1772937560.2837987,-138.27142193451897
1772937560.28381,141.06004603291674
1772937560.2838187,233.35129990438932
1772937560.2838273,3.7727360840876356
1772937560.283836,-235.48882168680524
1772937560.2838445,-149.09586014848622
1772937560.5324469,38153.15061361022
1772937560.5324786,18313.775005667692
1772937560.5325015,-3478.7930432498047
1772937560.5325203,-10912.542954550874
1772937560.532527,-4087.9829007522258
1772937560.5325334,4090.440808938725
1772937560.5325396,3917.58060576718
1772937560.532546,-1953.12297884477
1772937560.532552,-4896.671041108433
1772937560.532558,-1931.239838547196
1772937560.5325637,1934.5213877332508
1772937560.5325696,1559.277024553866
1772937560.5325756,-1807.2065372025
1772937560.5325816,-3246.2747245173305
1772937560.5325904,-1155.5219236288417
1772937560.5325963,1155.1057922902316
1772937560.532602,550.9463575813697
1772937560.5326095,-1766.237840393038
1772937560.5326204,-2428.945508695994
1772937560.5326307,-727.2629751508805
1772937560.53264,727.6996279091024
1772937560.53265,-52.310698717791446
1772937560.5326593,-1751.029997005624
1772937560.532666,-1898.014993296738
1772937560.5326717,-429.2555858825556
1772937560.532678,429.3850873070442
1772937560.532684,-500.4124960685652
1772937560.5326903,-1744.9433153346279
1772937560.5326965,-1474.5959978122341
1772937560.5327024,-176.07456069919036
1772937560.5327091,177.2038859722295
1772937560.5327153,-904.43803196396
1772937560.5327213,-1745.8729607932783
1772937560.5327272,-1065.29267675164
1772937560.5327337,85.9052634671568
1772937560.5327394,-84.05778500340519
1772937560.5327451,-1354.612531375564
1772937560.532751,-1756.2548353892546
1772937560.53276,-570.4349813819389
1772937560.5327692,429.7912085469893
1772937560.5327785,-428.01970964444195
1772937560.5327845,-2003.274354306107
1772937560.5327904,-1786.735960700441
1772937560.5327964,229.76537281599758
1772937560.5328023,1050.2197067488698
1772937560.5328083,-1050.7261661005298
1772937560.532814,-3346.8874488951556
1772937560.5328205,-1919.2376428593914
1772937560.5328264,2195.764540536912
1772937560.5328324,2906.743470074597
1772937560.532838,-2907.8175446665027
1772937560.532844,-8750.220079918105
1772937560.5328496,-3402.205548230909
1772937560.5328553,15790.136386643899
1772937560.5328617,36318.99788989699
1772937560.6027822,-170.76213263757282
1772937560.602805,-1398.9902097904312
1772937560.602815,-1731.7790775443236
1772937560.6028233,-652.2711897971238
1772937560.6028352,293.5447223528007
1772937560.6028457,-296.2727304622953
1772937560.6028545,-1610.2846808752618
1772937560.6028628,-1733.840786293897
1772937560.6028712,-428.1621067985152
1772937560.6028793,440.514589132617
1772937560.6028876,-441.9075733278487
1772937560.602896,-1862.5479476800224
1772937560.602904,-1737.6562814529518
1772937560.6029124,-153.01510278502946
1772937560.6029203,625.1812902266674
1772937560.6029284,-626.1593682538495
1772937561.0760949,38165.55781506945
1772937561.0761433,18298.397676155284
1772937561.0761745,-3491.1029777500157
1772937561.0762088,-10923.68330539073
1772937561.076246,-4108.14086006094
1772937561.0762875,4087.8237871778374
1772937561.0763204,3954.7742528402573
1772937561.0763547,-1922.584896644533
1772937561.0763867,-4938.013060331175
1772937561.0764005,-2011.094690102217
1772937561.0764132,1932.886203755646
1772937561.0764256,1664.1460197812955
1772937561.0764384,-1733.9426913946209
1772937561.076451,-3330.4140873819106
1772937561.07647,-1303.0815742839225
1772937561.0764844,1160.5953515639592
1772937561.0765004,732.5892940636055
1772937561.0765164,-1655.6470535404148
1772937561.0765305,-2574.2475601255296
1772937561.076578,-951.9695095332793
1772937561.0765927,753.7435974730421
1772937561.0766056,226.43900311494642
1772937561.076618,-1604.2766627706771
1772937561.0766363,-2129.224543715373
1772937561.0766504,-747.7482298144678
1772937561.076663,492.29630004106895
1772937561.0766757,-95.38352124822349
1772937561.076688,-1563.5974383733676
1772937561.0767004,-1829.6793693069346
1772937561.0767167,-612.5065033160085
1772937561.0767324,309.74976681896646
1772937561.0767455,-315.6616570353471
1772937561.0767636,-1526.4669854729966
1772937561.0767782,-1612.4972154436005
1772937561.0767944,-521.8033991007893
1772937561.0768087,165.76770816858217
1772937561.0768216,-482.2756008796764
1772937561.0768409,-1494.9876867525727
1772937561.076854,-1445.6067662790936
1772937561.0768666,-455.46095135431693
1772937561.076879,51.415229394436814
1772937561.0768912,-608.8951248786105
1772937561.0769036,-1462.6860302887312
1772937561.0769162,-1309.528073121965
1772937561.076929,-405.7382802509952
1772937561.0769415,-45.4901911621755
1772937561.0769556,-711.4311052170051
1772937561.076969,-1432.0548021315926
1772937561.076987,-1195.5299425439612
1772937561.0770009,-367.2942413597666
1772937561.077014,-129.6754760443978
1772937561.0770328,-797.1669830937665
1772937561.077046,-1403.8411148380137
1772937561.0770583,-1099.0041538951211
1772937561.0770712,-337.7947642014546
1772937561.077084,-203.4730223811418
1772937561.0771024,-867.4747506397792
1772937561.0771155,-1373.582932582156
1772937561.0771277,-1012.8686414160268
1772937561.0771403,-314.96473700160743
1772937561.0771527,-271.75448285326326
1772937561.0771651,-929.1094427550685
1772937561.0771775,-1343.7327678953127
1772937561.0771918,-934.8357463701815
1772937561.0772047,-295.9272008444616
1772937561.077218,-333.8118532797951
1772937561.0772307,-982.4160503310586
1772937561.0772483,-1313.985942978836
1772937561.077263,-865.0314319879558
1772937561.0772774,-283.59611587289965
1772937561.0772943,-394.97965503516514
1772937561.0773072,-1031.3913876369259
1772937561.0773199,-1283.665184856475
1772937561.077332,-798.6740351459302
1772937561.077345,-272.5871862379513
1772937561.0773635,-451.9701418951601
1772937561.0773792,-1074.9514031539861
1772937561.077392,-1253.0026982131303
1772937561.077404,-737.3526590733528
1772937561.077417,-266.26667954630403
1772937561.0774293,-508.9392582191769
1772937561.0774412,-1115.708549542505
1772937561.0774536,-1221.6487013996336
1772937561.0774655,-678.807971106255
1772937561.0774784,-262.7589282159931
1772937561.0774908,-565.4901482350987
1772937561.077503,-1154.0249092740087
1772937561.077515,-1189.808498625229
1772937561.0775328,-623.2932935993426
1772937561.0775464,-262.8721063610448
1772937561.0775597,-622.2146413654095
1772937561.077572,-1188.429567550627
1772937561.0775867,-1153.0930979048094
1772937561.077599,-564.9839803160776
1772937561.077611,-262.01180908650286
1772937561.0776253,-677.33065513497
1772937561.0776424,-1219.7313782116582
1772937561.0776556,-1114.1494228821657
1772937561.0776713,-508.21842447043724
1772937561.0776873,-266.07932021638004
1772937561.0777001,-736.9961611983017
1772937561.0777128,-1252.1699369312187
1772937561.0777247,-1074.0586134697896
1772937561.077737,-451.67704343164166
1772937561.0777507,-273.0366230581949
1772937561.077764,-799.2484683604828
1772937561.077776,-1283.487752538196
1772937561.0777893,-1030.0490495790607
1772937561.0778024,-392.79526569065536
1772937561.0778284,-281.2956881756098
1772937561.077841,-863.21936167178
1772937561.0778532,-1312.8881884311834
1772937561.0778656,-981.9536335810623
1772937561.077878,-333.74617494154506
1772937561.0778904,-295.8948109196717
1772937561.0779023,-934.3653321075451
1772937561.0779147,-1342.4168554497123
1772937561.077927,-926.8958599955416
1772937561.0779395,-269.11003021627283
1772937561.077952,-312.71899250446705
1772937561.5569472,35.29061122393937
1772937561.5569916,56.961587961107305
1772937561.5570168,0.8008137024350371
1772937561.5570393,-55.37214312660961
1772937561.557062,-33.552847819307644
1772937561.5570848,36.48329055616408
1772937561.5571074,58.005218661269275
1772937561.5571358,0.9573831820030473
1772937561.5571585,-56.070784637960784
1772937561.557181,-34.04006004472164
1772937561.557204,37.07689428694846
1772937561.5572193,59.058567403346444
1772937561.5572271,1.0043386565751427
1772937561.5572362,-57.29967056216166
1772937561.5572486,-35.001694914488006
1772937561.5572567,37.7506132388282
1772937561.5572648,60.536783297902325
1772937561.5572731,1.2083404091569245
1772937561.5572817,-58.79680698466767
1772937561.55729,-36.202298472649886
1772937561.5572984,38.50610054342018
1772937561.5573068,61.97864134977886
1772937561.5573149,0.635841238263603
1772937561.557323,-61.622448949844575
1772937561.5573316,-38.25067221509545
1772937561.5573397,39.645550993425
1772937561.5573475,64.59491022816091
1772937561.5573556,0.8712537436686055
1772937561.557364,-64.61416964113259
1772937561.5573719,-41.01209782047264
1772937561.557381,40.247405609472565
1772937561.5573893,67.09438383750282
1772937561.5573976,1.423542121035711
1772937561.5574057,-66.43838532142817
1772937561.5574136,-41.246954117711645
1772937561.5574217,44.17407383726235
1772937561.5574296,71.78700890103327
1772937561.5574377,1.2545936195809002
1772937561.557446,-71.69270835513548
1772937561.557454,-45.57148459858866
1772937561.557462,45.08366838698229
1772937561.55747,74.362220381011
1772937561.5574784,-1.2552006662441995
1772937561.5574872,-79.42407132900276
1772937561.5574954,-50.85652749356741
1772937561.5575032,47.67413718884728
1772937561.557511,80.07286891940839
1772937561.5575192,-1.5997924454811037
1772937561.557527,-86.89814697205819
1772937561.5575352,-56.37096932640662
1772937561.5575433,51.26050304111408
1772937561.5575511,87.88857491255838
1772937561.5575593,0.05989300298042963
1772937561.5575671,-92.41931685847234
1772937561.5575757,-58.4511362031078
1772937561.5575836,60.09027375080413
1772937561.5575914,100.06921732572879
1772937561.5575995,1.8335411404955166
1772937561.5576077,-102.01483796181792
1772937561.557616,-64.87518936160743
1772937561.557624,67.65095324738694
1772937561.557632,112.99672766700286
1772937561.55764,2.838570217819521
1772937561.5576477,-114.63424049433955
1772937561.5576558,-73.2101365016544
1772937561.557664,77.06850183617505
1772937561.5576718,129.08893145208282
1772937561.5576797,3.444713073287683
1772937561.5576875,-131.69012207080144
1772937561.5576954,-84.70381230064808
1772937561.5577035,88.79786714118822
1772937561.5577114,149.76792319446997
1772937561.5577197,4.01975561858245
1772937561.5577276,-154.3177247209651
1772937561.5577357,-99.98895645113322
1772937561.5577433,104.48377978918681
1772937561.5577512,177.65271673115433
1772937561.557759,5.005810594765665
1772937561.557767,-185.02002208935323
1772937561.5577745,-121.4317204512431
1772937561.5577824,124.83606302492689
1772937561.5577908,214.8936220460621
1772937561.5577989,5.591404714725086
1772937561.5578065,-228.17284888961032
1772937561.5578146,-151.6030793411274
1772937561.5578225,153.6951985495326
1772937561.55783,268.1481179972867
1772937561.5578382,6.742298856027505
1772937561.5578492,-290.0778937063884
1772937561.5578616,-194.326062022699
1772937561.557874,198.7922533198046
1772937561.5578866,350.5821324683189
1772937561.5578947,10.336085666608746
1772937561.5579026,-385.3813723768381
1772937561.557911,-263.8668471597645
1772937561.5579193,264.97426483443496
1772937561.5579271,478.2396373101038
1772937561.557935,14.763138088894642
1772937561.557943,-541.487961472919
1772937561.5579512,-378.2530290374849
1772937561.5579596,381.59637768957634
1772937561.557968,706.2457706769684
1772937561.5579758,28.231535920687186
1772937561.5579839,-825.0215546436494
1772937561.5579917,-597.2510389591995
1772937561.558,600.6684389592174
1772937561.558008,1160.4519757953426
1772937561.5580158,61.00800890796449
1772937561.5580237,-1435.8940589534413
1772937561.5580318,-1104.6631561903944
1772937561.55804,1106.6561907249782
1772937561.558048,2319.3278429437923
1772937561.558056,191.72167593467486
1772937561.5580635,-3223.150447775605
1772937561.5580719,-2850.957491198796
1772937561.5580795,2852.5354391048254
1772937561.5580876,7542.701989098614
1772937561.558096,1674.8631332017621
1772937561.5581045,-16634.927365064268
1772937561.5581124,-36149.31716983169
1772937561.894818,0.11979193157228975
1772937561.894861,0.1111406418361612
1772937561.8948877,-0.08795707389080178
1772937561.894914,-0.5729918539037736
1772937561.8949404,-1.1612634414021947
1772937561.8949673,-1.4325463890038785
1772937561.894994,-1.0715872445989205
1772937561.8950207,-0.19970992809209873
1772937561.8950295,0.6738200748156314
1772937561.8950405,1.078212224284845
1772937561.8950505,0.9752279806677155
1772937561.895059,0.7346051540008639
1772937561.8950677,0.7438058530511746
1772937561.8950758,1.0691812377153087
1772937561.8950841,1.4829108638616981
1772937561.8950925,1.7528009083357678
1772937561.8951008,1.84738202475938
1772937561.895109,1.8758037077638392
1772937561.8951173,1.9076345255202318
1772937561.8951252,1.9096632540408964
1772937561.8951335,1.8373395089580988
1772937561.8951416,1.721225257037536
1772937561.8951497,1.6327866692245792
1772937561.8951578,1.5992190955056653
1772937561.8951662,1.5985467953579626
1772937561.8951745,1.635011080788675
1772937561.8951864,1.7686428951369384
1772937561.8951952,2.0319943180763294
1772937561.8952034,2.3312623152703704
1772937561.8952112,2.4728386600593413
1772937561.895219,2.3121974282835565
1772937561.8952272,1.8697461711836896
1772937561.8952348,1.2910121464417699
1772937561.8952427,0.7068317237879874
1772937561.895251,0.1549671860389104
1772937561.895259,-0.3646662373132799
1772937561.895267,-0.7955924057826976
1772937561.895275,-1.0266164970719234
1772937561.8952832,-0.9995758666639158
1772937561.8952916,-0.7977934108331649
1772937561.895312,-0.6036027108484107
1772937561.8953204,-0.5527529330617178
1772937561.8953283,-0.6199787203106288
1772937561.8953369,-0.6376630891636504
1772937561.8953447,-0.42784872697846704
1772937561.8953528,0.05856563197790138
1772937561.8953607,0.6911620624913426
1772937561.8953688,1.2232255253592605
1772937561.8953767,1.427490092794822
1772937561.8953848,1.2273182723050096
1772937561.895393,0.7441444277071965
1772937561.8954008,0.22268725709111248
1772937561.8954086,-0.12368103628540707
1772937561.8954165,-0.2355489333510421
1772937561.8954244,-0.20266122509611456
1772937561.895434,-0.14693299345697028
1772937561.895443,-0.11454778092798477
1772937561.895451,-0.0830809588632392
1772937561.8954592,-0.057378865074512876
1772937561.895467,-0.12218211392111061
1772937561.8954751,-0.3686572356653814
1772937561.8954833,-0.769065369733178
1772937561.8954911,-1.1527675723533266
1772937561.8954995,-1.3300187911032917
1772937561.8955076,-1.2342011590570288
1772937561.8955164,-0.9259665680322269
1772937561.8955245,-0.47297321612397253
1772937561.895533,0.11841393010144956
1772937561.8955414,0.8085785537413883
1772937561.8955493,1.3929119496071265
1772937561.8955576,1.5637948458807969
1772937561.8955655,1.1911668501918988
1772937561.8955736,0.5387350839242565
1772937561.8955815,0.11720016222392406
1772937561.8955896,0.2439301777838216
1772937561.8955977,0.7431960254924364
1772937561.8956053,1.129273400572392
1772937561.8956137,1.1076277152145895
1772937561.8956213,0.8596633841917501
1772937561.8956294,0.7928626551450877
1772937561.8956375,1.032539290769967
1772937561.8956456,1.2349994554485744
1772937562.3721085,-38631.49647428245
1772937562.372148,-18860.975132133426
1772937562.3721805,3648.344474639577
1772937562.3722055,11580.507219657626
1772937562.372232,4314.226066767923
1772937562.3722587,-4643.056829297413
1772937562.3722851,-4479.905952665938
1772937562.372312,2190.7647557718865
1772937562.372339,5624.275361668861
1772937562.3723657,2124.0177706506943
1772937562.372393,-2571.420187131513
1772937562.372419,-2140.336389274601
1772937562.3724277,2120.9139197955496
1772937562.372436,4039.394569437621
1772937562.372445,1304.5707864581411
1772937562.3724544,-1894.975834902899
1772937562.3724625,-1154.8846995773172
1772937562.3724706,2174.4695818241585
1772937562.3724787,3308.082375729448
1772937562.3724897,830.8802896296194
1772937562.3724976,-1589.0857124525216
1772937562.3725057,-579.8444898324849
1772937562.372514,2275.169713822487
1772937562.3725224,2885.3690211591675
1772937562.3725307,476.8247512179543
1772937562.3725393,-1448.2772849123212
1772937562.3725476,-175.51491033312365
1772937562.372556,2414.4615400448183
1772937562.3725643,2608.2158896416354
1772937562.3725722,158.65559740936848
1772937562.3725803,-1405.937526279749
1772937562.372604,159.03216684803832
1772937562.3726127,2608.7251825985704
1772937562.3726213,2414.8584669098773
1772937562.3726292,-175.32080167743763
1772937562.3726373,-1448.3327881331895
1772937562.3726456,476.37699102086435
1772937562.3726535,2884.431839905956
1772937562.3726664,2274.0004653333103
1772937562.3726785,-580.608591077589
1772937562.372691,-1588.8608281967875
1772937562.3727036,832.1566229906762
1772937562.372717,3309.9954232726486
1772937562.3727283,2176.6398440201156
1772937562.3727367,-1152.452710047761
1772937562.3727448,-1892.137718508273
1772937562.372753,1307.6171929818913
1772937562.3727612,4042.094455691853
1772937562.372769,2122.913526412015
1772937562.3727772,-2138.7724964426907
1772937562.3727853,-2569.772978710197
1772937562.3727937,2125.72292315406
1772937562.3728015,5625.259226469212
1772937562.3728096,2190.299927978731
1772937562.3728175,-4481.518551169661
1772937562.3728259,-4644.558829567986
1772937562.372834,4313.836465038921
1772937562.372842,11580.90417418522
1772937562.372851,3648.192816914564
1772937562.3728588,-18862.591500935763
1772937562.372867,-38634.09050979708
1772937562.3728755,-38268.49747723426
1772937562.372883,-18297.91057417729
1772937562.3728912,3588.2429784109027
1772937562.3728995,10979.458093483456
1772937562.3729076,4045.7037712651886
1772937562.3729155,-4182.04481233637
1772937562.3729236,-3953.84055636685
1772937562.3729317,2013.0248044039565
1772937562.3729396,4992.191673270987
1772937562.3729477,1957.446050553849
1772937562.3729556,-2017.1593706574702
1772937562.3729637,-1663.2364276398864
1772937562.372972,1815.991170374158
1772937562.37298,3379.281511404732
1772937562.372988,1253.1275918860674
1772937562.372996,-1238.4853582806381
1772937562.3730044,-731.2519227377337
1772937562.3730128,1733.1330460092831
1772937562.373021,2622.047680019196
1772937562.3730288,908.2317138319868
1772937562.3730369,-824.310049202925
1772937562.3730447,-224.54722055487497
1772937562.373053,1675.9475116632725
1772937562.373061,2172.0563859309686
1772937562.373069,703.9914396128997
1772937562.3730776,-561.5532157170212
1772937562.3730857,94.76683361394902
1772937562.373094,1629.937741766055
1772937562.373103,1870.1524736918063
1772937562.3731108,572.0043084021744
1772937562.373119,-374.15187763304476
1772937562.3731272,316.1156176331165
1772937562.373135,1589.8540995789817
1772937562.3731427,1650.1923385590117
1772937562.3731508,481.2278889279285
1772937562.3731587,-229.54529981551855
1772937562.3731675,481.2184028811235
1772937562.3731756,1555.507452730987
1772937562.3731837,1482.3875965433126
1772937562.3731916,417.0038260620055
1772937562.3732,-112.84238181176596
1772937562.3732085,607.3499400439578
1772937562.3732164,1520.3626455593176
1772937562.3732245,1344.2261239400168
1772937562.3732321,367.70653730700263
1772937562.37324,-14.273386308724294
1772937562.3732483,710.8626491836894
1772937562.373256,1490.0230598808723
1772937562.373266,1231.0788080539257
1772937562.373279,330.69059133166496
1772937562.373292,70.28769083469315
1772937562.3733027,794.8835666891504
1772937562.3733144,1459.2330372666027
1772937562.3733256,1133.37729162626
1772937562.3733373,302.211368994801
1772937562.3733475,145.99753428086942
1772937562.3733573,866.2728047134567
1772937562.373368,1428.7302902889471
1772937562.373378,1046.3262311661156
1772937562.8487496,3472.744404742263
1772937562.8488138,647.6171852750618
1772937562.848842,-2454.591812707319
1772937562.848872,-1326.9561232881797
1772937562.8489108,3159.164131846631
1772937562.8489394,5023.473794055598
1772937562.8489676,832.7225915680705
1772937562.848996,-4691.91593657635
1772937562.8490243,-3444.4694650086185
1772937562.849053,5226.316221565275
1772937562.8490665,10949.559815838189
1772937562.849078,2388.6409189937485
1772937562.8490875,-18985.856412419867
1772937562.8490963,-37475.28293563886
1772937562.8491056,-37464.71314043045
1772937562.8491144,-18956.262799451404
1772937562.8491235,2415.4886920791355
1772937562.8491404,10933.393790123444
1772937562.8491545,5165.776307242489
1772937562.8491685,-3479.7590134702896
1772937562.849182,-4641.6977912360635
1772937562.8491964,915.0779704467159
1772937562.849223,5017.037558529914
1772937562.8492317,3048.476391696424
1772937562.8492403,-1398.3990402844456
1772937562.8492496,-2369.926040128686
1772937562.8492582,791.2273120750555
1772937562.8492732,3469.569691939601
1772937562.8492885,2313.7370894501705
1772937562.849301,-703.3970641997403
1772937562.84931,-1462.856867608333
1772937562.8493187,770.4133246406972
1772937562.849327,2770.8743629209243
1772937562.849336,1941.6673779543044
1772937562.8493447,-364.36676195626336
1772937562.8493533,-976.1519565378078
1772937562.849362,774.9389373072388
1772937562.8493707,2380.23869244904
1772937562.8493793,1716.8452816580898
1772937562.8493881,-168.12386222027405
1772937562.8493972,-673.2150323529481
1772937562.8494058,787.9533569837502
1772937562.8494143,2133.9573135239743
1772937562.8494232,1563.6101761313878
1772937562.8494315,-47.10081480699894
1772937562.8494403,-471.94472279357586
1772937562.849449,799.426022014928
1772937562.8494575,1963.5063694445084
1772937562.8494704,1450.490728445622
1772937562.8494835,32.91832914225012
1772937562.8494976,-326.83815953836313
1772937562.8495064,813.9916342776147
1772937562.8495147,1843.138966995717
1772937562.8495233,1365.1681210055604
1772937562.849532,88.27409672930628
1772937562.8495407,-218.65693630965754
1772937562.849552,827.8101149595179
1772937562.8495617,1752.5271405730261
1772937562.8495705,1296.482484627735
1772937562.8495789,127.6907184124305
1772937562.8495877,-132.32499802871516
1772937562.849596,845.8387662254227
1772937562.8496048,1686.658997699313
1772937562.8496132,1240.7227359419987
1772937562.849622,153.12487603695692
1772937562.8496304,-67.56423232792132
1772937562.8496392,860.1314340743365
1772937562.8496475,1634.3738673240916
1772937562.8496568,1194.723293859987
1772937562.849666,173.37447939068545
1772937562.8496745,-11.086785637984985
1772937562.8496833,878.4737270747654
1772937562.8496916,1595.2196451183192
1772937562.8497002,1153.976716900666
1772937562.8497088,183.6969524717743
1772937562.8497171,31.924655503236224
1772937562.849726,894.3899701259895
1772937562.8497343,1563.815519162584
1772937562.849743,1118.1318793688615
1772937562.8497517,189.44864529347106
1772937562.84976,68.77543106950459
1772937562.8497684,912.9475694502527
1772937562.849777,1542.3330697998297
1772937562.8497853,1088.5817954303313
1772937562.849794,192.4101606244333
1772937562.8498032,100.28858907681214
1772937562.8498123,932.3796715543582
1772937562.8498209,1527.0466929370473
1772937562.8498292,1061.9692812992978
1772937562.8498375,190.90837023131178
1772937562.8498464,125.55194959780574
1772937562.8498592,950.974676564075
1772937562.8498724,1515.3320930760187
1772937562.8498852,1036.0294011050867
1772937562.849894,183.89282031909377
1772937562.849903,144.15138204121217
1772937562.8499117,967.9379544399995
1772937562.8499205,1506.1421679443752
1772937562.8499296,1010.9030616422561
1772937562.8499382,174.05181971840327
1772937562.8499467,161.23034192489692
1772937562.8499553,989.2587465795467
1772937562.8499663,1504.2064070150611
1772937562.8499749,988.5575927619649
1772937562.8499832,160.27599654642515
1772937562.8499918,173.56148671678292
1772937562.8500004,1011.4799991722407
1772937562.850009,1507.8300315124604
1772937562.8500175,970.0632917788777
1772937562.8500264,145.70583022074587
1772937562.8500376,184.24682960065735
1772937562.850051,1035.3817825614708
1772937562.8500657,1514.4662528812698
1772937562.8500752,950.539591567542
1772937562.8500843,125.56445459334181
1772937562.8500931,190.94230411787774
1772937562.8501017,1061.769115127515
1772937562.8501103,1526.8643504740467
1772937562.850119,932.6731573791354
1772937562.8501277,101.15594368907507
1772937562.850136,193.4230709869687
1772937562.8947887,1089.2028243486923
1772937562.8948092,1542.4216147669129
1772937562.8948195,912.7832088573759
1772937562.894828,68.63076766027417
1772937562.894837,189.28858454242769
1772937562.8948476,1117.8383604302305
1772937562.8948588,1563.6524268798464
1772937562.8948674,895.0713160813958
1772937562.894876,34.07645256053482
